>points
27.9953 -31.4709 661.68
28.2433 -31.5392 661.249
28.4895 -31.6103 660.817
28.7339 -31.6841 660.383
28.9765 -31.7607 659.948
29.2172 -31.8401 659.512
29.456 -31.9221 659.075
29.6929 -32.0069 658.636
29.928 -32.0945 658.197
30.1611 -32.1848 657.756
30.3923 -32.2777 657.314
30.6215 -32.3734 656.87
30.8487 -32.4719 656.426
31.074 -32.5729 655.981
31.2973 -32.6767 655.535
31.5185 -32.7832 655.087
31.7378 -32.8924 654.639
31.9549 -33.0042 654.19
32.17 -33.1187 653.74
32.383 -33.2358 653.289
32.594 -33.3556 652.837
32.8028 -33.478 652.385
33.0095 -33.603 651.932
33.2141 -33.7306 651.478
33.4165 -33.8609 651.023
33.6167 -33.9938 650.568
33.8147 -34.1292 650.112
34.0106 -34.2672 649.655
34.2042 -34.4078 649.198
34.3957 -34.551 648.741
34.5848 -34.6967 648.283
34.7718 -34.8449 647.824
34.9564 -34.9957 647.365
35.1388 -35.149 646.906
35.3189 -35.3048 646.446
35.4967 -35.4631 645.986
35.6722 -35.6239 645.526
35.8454 -35.7871 645.065
36.0162 -35.9528 644.604
36.1846 -36.121 644.143
36.3507 -36.2916 643.682
36.5144 -36.4646 643.22
36.6758 -36.6401 642.759
36.8347 -36.8179 642.297
36.9912 -36.9982 641.836
37.1453 -37.1808 641.374
37.297 -37.3657 640.913
37.4462 -37.5531 640.451
37.5929 -37.7427 639.99
37.7373 -37.9347 639.529
37.8791 -38.129 639.068
38.0184 -38.3256 638.607
38.1553 -38.5245 638.146
38.2896 -38.7256 637.685
38.4214 -38.929 637.225
38.5507 -39.1346 636.766
38.6775 -39.3425 636.306
38.8017 -39.5526 635.847
38.9234 -39.7648 635.388
39.0425 -39.9793 634.93
39.1591 -40.1959 634.472
39.2731 -40.4146 634.015
39.3844 -40.6355 633.559
39.4932 -40.8585 633.102
39.5994 -41.0836 632.647
39.703 -41.3108 632.192
39.804 -41.5401 631.738
39.9024 -41.7714 631.285
39.9981 -42.0048 630.832
40.0912 -42.2401 630.38
40.1816 -42.4775 629.929
40.2694 -42.7169 629.479
40.3546 -42.9582 629.029
40.4371 -43.2015 628.581
40.5169 -43.4467 628.133
40.594 -43.6939 627.687
40.6685 -43.9429 627.241
40.7403 -44.1938 626.797
40.8094 -44.4466 626.353
40.8758 -44.7013 625.911
40.9395 -44.9577 625.47
41.0005 -45.216 625.03
41.0588 -45.4761 624.591
41.1144 -45.7379 624.153
41.1672 -46.0015 623.717
41.2174 -46.2668 623.282
41.2648 -46.5339 622.848
41.3095 -46.8027 622.415
41.3515 -47.0731 621.984
41.3908 -47.3452 621.555
41.4273 -47.6189 621.126
41.461 -47.8943 620.7
41.4921 -48.1712 620.274
41.5204 -48.4498 619.851
41.5459 -48.7299 619.428
41.5687 -49.0115 619.008
41.5888 -49.2947 618.589
41.6061 -49.5794 618.171
41.6206 -49.8655 617.756
41.6324 -50.1532 617.342
41.6415 -50.4422 616.929
#plane_0-cylinder_0
>points
32.7613 -39.797 664.238
32.8709 -39.8124 664.073
32.9803 -39.8282 663.906
33.0894 -39.8444 663.74
33.1982 -39.8611 663.574
33.3068 -39.8783 663.407
33.4152 -39.8959 663.24
33.5233 -39.914 663.072
33.6311 -39.9325 662.904
33.7387 -39.9515 662.736
33.846 -39.9709 662.568
33.953 -39.9908 662.4
34.0598 -40.0112 662.231
34.1663 -40.032 662.062
34.2726 -40.0532 661.892
34.3785 -40.0749 661.723
34.4842 -40.0971 661.553
34.5897 -40.1197 661.383
34.6949 -40.1428 661.212
34.7998 -40.1663 661.042
34.9044 -40.1903 660.871
35.0087 -40.2147 660.7
35.1128 -40.2396 660.529
35.2166 -40.2649 660.357
35.3201 -40.2906 660.185
35.4233 -40.3169 660.013
35.5263 -40.3436 659.841
35.629 -40.3707 659.668
35.7314 -40.3983 659.495
35.8335 -40.4263 659.322
35.9353 -40.4548 659.149
36.0368 -40.4837 658.976
36.1381 -40.5131 658.802
36.239 -40.5429 658.628
36.3397 -40.5731 658.454
36.44 -40.6039 658.279
36.5401 -40.635 658.105
36.6399 -40.6666 657.93
36.7394 -40.6987 657.755
36.8386 -40.7312 657.58
36.9375 -40.7641 657.404
37.0361 -40.7975 657.229
37.1344 -40.8314 657.053
37.2324 -40.8657 656.877
37.3301 -40.9004 656.7
37.4275 -40.9355 656.524
37.5246 -40.9712 656.347
37.6214 -41.0072 656.17
37.7178 -41.0437 655.993
37.814 -41.0807 655.816
37.9099 -41.118 655.638
38.0054 -41.1559 655.461
38.1007 -41.1941 655.283
38.1956 -41.2328 655.105
38.2902 -41.272 654.927
38.3845 -41.3116 654.748
38.4785 -41.3516 654.57
38.5722 -41.392 654.391
38.6656 -41.4329 654.212
38.7586 -41.4743 654.033
38.8513 -41.516 653.854
38.9437 -41.5583 653.674
39.0358 -41.6009 653.495
39.1276 -41.644 653.315
39.219 -41.6875 653.135
39.3101 -41.7315 652.955
39.4009 -41.7758 652.775
39.4913 -41.8207 652.595
39.5815 -41.8659 652.414
39.6713 -41.9116 652.233
39.7607 -41.9577 652.053
39.8499 -42.0043 651.872
39.9387 -42.0512 651.69
40.0271 -42.0987 651.509
40.1153 -42.1465 651.328
40.2031 -42.1948 651.146
40.2906 -42.2435 650.965
40.3777 -42.2926 650.783
40.4645 -42.3421 650.601
40.5509 -42.3921 650.419
40.6371 -42.4425 650.237
40.7228 -42.4934 650.054
40.8083 -42.5446 649.872
40.8934 -42.5963 649.689
40.9781 -42.6484 649.506
41.0625 -42.701 649.324
41.1466 -42.7539 649.141
41.2303 -42.8073 648.958
41.3136 -42.8611 648.774
41.3967 -42.9153 648.591
41.4793 -42.9699 648.408
41.5616 -43.025 648.224
41.6436 -43.0805 648.041
41.7252 -43.1364 647.857
41.8065 -43.1927 647.673
41.8874 -43.2494 647.489
41.9679 -43.3066 647.305
42.0481 -43.3642 647.121
42.1279 -43.4221 646.937
42.2074 -43.4805 646.753
#plane_1-cylinder_0
>points
44.4041 -45.4044 641.24
44.4903 -45.4943 641.004
44.576 -45.5848 640.768
44.661 -45.6759 640.532
44.7454 -45.7677 640.296
44.8292 -45.8601 640.06
44.9123 -45.9531 639.824
44.9948 -46.0468 639.588
45.0767 -46.141 639.352
45.158 -46.2359 639.116
45.2386 -46.3314 638.88
45.3186 -46.4275 638.644
45.398 -46.5243 638.408
45.4767 -46.6216 638.172
45.5548 -46.7195 637.936
45.6322 -46.8181 637.7
45.7091 -46.9172 637.464
45.7852 -47.017 637.228
45.8607 -47.1173 636.992
45.9356 -47.2183 636.756
46.0098 -47.3199 636.52
46.0834 -47.422 636.285
46.1564 -47.5247 636.049
46.2286 -47.6281 635.813
46.3003 -47.732 635.578
46.3713 -47.8365 635.342
46.4416 -47.9416 635.107
46.5112 -48.0473 634.871
46.5803 -48.1536 634.636
46.6486 -48.2604 634.401
46.7163 -48.3678 634.166
46.7833 -48.4758 633.931
46.8497 -48.5844 633.696
46.9154 -48.6936 633.461
46.9804 -48.8033 633.226
47.0448 -48.9136 632.992
47.1085 -49.0244 632.757
47.1716 -49.1358 632.523
47.234 -49.2478 632.289
47.2957 -49.3603 632.054
47.3567 -49.4734 631.82
47.417 -49.5871 631.587
47.4767 -49.7013 631.353
47.5357 -49.816 631.119
47.5941 -49.9314 630.886
47.6517 -50.0472 630.653
47.7087 -50.1636 630.419
47.765 -50.2805 630.187
47.8206 -50.398 629.954
47.8756 -50.5161 629.721
47.9298 -50.6346 629.489
47.9834 -50.7537 629.256
48.0363 -50.8733 629.024
48.0885 -50.9935 628.792
48.14 -51.1142 628.561
48.1908 -51.2354 628.329
48.241 -51.3571 628.098
48.2904 -51.4794 627.867
48.3392 -51.6021 627.636
48.3872 -51.7254 627.405
48.4346 -51.8492 627.175
48.4813 -51.9735 626.945
48.5273 -52.0983 626.715
48.5726 -52.2237 626.485
48.6172 -52.3495 626.255
48.6611 -52.4758 626.026
48.7043 -52.6027 625.797
48.7469 -52.73 625.568
48.7887 -52.8579 625.34
48.8298 -52.9862 625.111
48.8702 -53.115 624.883
48.9099 -53.2443 624.656
48.9489 -53.3741 624.428
48.9872 -53.5044 624.201
49.0249 -53.6351 623.974
49.0618 -53.7664 623.747
49.098 -53.8981 623.521
49.1335 -54.0303 623.295
49.1683 -54.1629 623.069
49.2023 -54.2961 622.843
49.2357 -54.4296 622.618
49.2684 -54.5637 622.393
49.3004 -54.6982 622.169
49.3316 -54.8332 621.944
49.3622 -54.9686 621.721
49.392 -55.1045 621.497
49.4211 -55.2409 621.274
49.4496 -55.3777 621.051
49.4773 -55.5149 620.828
49.5042 -55.6526 620.606
49.5305 -55.7907 620.384
49.5561 -55.9293 620.162
49.581 -56.0683 619.941
49.6051 -56.2077 619.72
49.6285 -56.3476 619.499
49.6512 -56.4879 619.279
49.6732 -56.6286 619.059
49.6945 -56.7697 618.84
49.7151 -56.9113 618.621
49.7349 -57.0533 618.402
49.7541 -57.1957 618.184
#plane_1-cylinder_0
>points
101.95 12.5122 643.62
101.402 12.0098 643.664
100.854 11.5073 643.708
100.305 11.0049 643.753
99.7568 10.502 643.797
99.2085 9.99951 643.841
98.6602 9.49707 643.886
98.1118 8.99463 643.93
97.5635 8.49219 643.974
97.0146 7.98975 644.018
96.4663 7.4873 644.063
95.918 6.98486 644.107
95.3696 6.48242 644.151
94.8213 5.97949 644.195
94.2729 5.47705 644.24
93.7246 4.97461 644.284
93.1763 4.47217 644.328
92.6279 3.96973 644.372
92.0796 3.46729 644.417
91.5312 2.96484 644.461
90.9829 2.4624 644.505
90.4346 1.95996 644.549
89.8862 1.45752 644.594
89.3379 0.95459 644.638
88.7896 0.452148 644.682
88.2407 -0.050293 644.727
87.6924 -0.552734 644.771
87.144 -1.05518 644.815
86.5957 -1.55762 644.859
86.0474 -2.06006 644.904
85.499 -2.5625 644.948
84.9507 -3.06494 644.992
84.4023 -3.56787 645.036
83.854 -4.07031 645.081
83.3057 -4.57275 645.125
82.7573 -5.0752 645.169
82.209 -5.57764 645.214
81.6606 -6.08008 645.258
81.1123 -6.58252 645.302
80.564 -7.08496 645.346
80.0151 -7.5874 645.391
79.4668 -8.09033 645.435
78.9185 -8.59277 645.479
78.3701 -9.09521 645.523
77.8218 -9.59766 645.568
77.2734 -10.1001 645.612
76.7251 -10.6025 645.656
76.1768 -11.105 645.7
75.6284 -11.6074 645.745
75.0801 -12.1099 645.789
74.5317 -12.6123 645.833
73.9834 -13.1152 645.878
73.4351 -13.6177 645.922
72.8867 -14.1201 645.966
72.3384 -14.6226 646.01
71.7896 -15.125 646.055
71.2412 -15.6274 646.099
70.6929 -16.1299 646.143
70.1445 -16.6323 646.187
69.5962 -17.1348 646.232
69.0479 -17.6377 646.276
68.4995 -18.1401 646.32
67.9512 -18.6426 646.364
67.4028 -19.145 646.409
66.8545 -19.6475 646.453
66.3062 -20.1499 646.497
65.7578 -20.6523 646.542
65.2095 -21.1548 646.586
64.6611 -21.6572 646.63
64.1128 -22.1602 646.674
63.564 -22.6626 646.719
63.0156 -23.165 646.763
62.4673 -23.6675 646.807
61.9189 -24.1699 646.851
61.3706 -24.6724 646.896
60.8223 -25.1748 646.94
60.2739 -25.6772 646.984
59.7256 -26.1797 647.028
59.1772 -26.6821 647.073
58.6289 -27.1851 647.117
58.0806 -27.6875 647.161
57.5322 -28.1899 647.206
56.9839 -28.6924 647.25
56.4355 -29.1948 647.294
55.8872 -29.6973 647.338
55.3389 -30.1997 647.383
54.79 -30.7021 647.427
54.2417 -31.2046 647.471
53.6934 -31.7075 647.515
53.145 -32.21 647.56
52.5967 -32.7124 647.604
52.0483 -33.2148 647.648
51.5 -33.7173 647.692
50.9517 -34.2197 647.737
50.4033 -34.7222 647.781
49.855 -35.2246 647.825
49.3066 -35.7271 647.87
48.7583 -36.23 647.914
48.21 -36.7324 647.958
47.6616 -37.2349 648.002
47.1133 -37.7373 648.047
#plane_1-plane_5
>points
105.467 8.14062 633.044
104.875 7.6001 633.093
104.285 7.05908 633.141
103.693 6.51855 633.19
103.102 5.97754 633.239
102.511 5.43652 633.288
101.92 4.896 633.337
101.329 4.35498 633.386
100.738 3.81396 633.435
100.146 3.27344 633.484
99.5552 2.73242 633.533
98.9639 2.19189 633.582
98.373 1.65088 633.63
97.7817 1.10986 633.679
97.1904 0.569336 633.728
96.5996 0.0283203 633.777
96.0083 -0.512695 633.826
95.417 -1.05322 633.875
94.8262 -1.59424 633.924
94.2349 -2.13477 633.973
93.6436 -2.67578 634.022
93.0527 -3.2168 634.07
92.4614 -3.75732 634.119
91.8701 -4.29834 634.168
91.2788 -4.83936 634.217
90.688 -5.37988 634.266
90.0967 -5.9209 634.315
89.5054 -6.46143 634.364
88.9146 -7.00244 634.413
88.3232 -7.54346 634.462
87.7319 -8.08398 634.51
87.1411 -8.625 634.559
86.5498 -9.16602 634.608
85.9585 -9.70654 634.657
85.3677 -10.2476 634.706
84.7764 -10.7881 634.755
84.1851 -11.3291 634.804
83.5942 -11.8701 634.853
83.0029 -12.4106 634.902
82.4116 -12.9517 634.951
81.8203 -13.4927 634.999
81.2295 -14.0332 635.048
80.6382 -14.5742 635.097
80.0469 -15.1147 635.146
79.4561 -15.6558 635.195
78.8647 -16.1968 635.244
78.2734 -16.7373 635.293
77.6826 -17.2783 635.342
77.0913 -17.8193 635.391
76.5 -18.3599 635.44
75.9092 -18.9009 635.488
75.3179 -19.4419 635.537
74.7266 -19.9824 635.586
74.1353 -20.5234 635.635
73.5444 -21.064 635.684
72.9531 -21.605 635.733
72.3618 -22.146 635.782
71.771 -22.6865 635.831
71.1797 -23.2275 635.88
70.5884 -23.7686 635.928
69.9976 -24.3091 635.977
69.4062 -24.8501 636.026
68.8149 -25.3906 636.075
68.2241 -25.9316 636.124
67.6328 -26.4727 636.173
67.0415 -27.0132 636.222
66.4502 -27.5542 636.271
65.8594 -28.0952 636.32
65.2681 -28.6357 636.368
64.6768 -29.1768 636.417
64.0859 -29.7173 636.466
63.4946 -30.2583 636.515
62.9033 -30.7993 636.564
62.3125 -31.3398 636.613
61.7212 -31.8809 636.662
61.1299 -32.4219 636.711
60.5391 -32.9624 636.76
59.9478 -33.5034 636.809
59.3564 -34.0439 636.857
58.7656 -34.585 636.906
58.1743 -35.126 636.955
57.583 -35.6665 637.004
56.9917 -36.2075 637.053
56.4009 -36.7485 637.102
55.8096 -37.2891 637.151
55.2183 -37.8301 637.2
54.6274 -38.3706 637.249
54.0361 -38.9116 637.297
53.4448 -39.4526 637.346
52.854 -39.9932 637.395
52.2627 -40.5342 637.444
51.6714 -41.0752 637.493
51.0806 -41.6157 637.542
50.4893 -42.1567 637.591
49.8979 -42.6973 637.64
49.3066 -43.2383 637.689
48.7158 -43.7793 637.738
48.1245 -44.3198 637.786
47.5332 -44.8608 637.835
46.9424 -45.4019 637.884
#plane_1-plane_6
>points
105.21 7.97723 633.164
105.179 8.01917 633.261
105.149 8.0611 633.359
105.118 8.10303 633.457
105.087 8.14496 633.554
105.056 8.18689 633.652
105.025 8.22882 633.749
104.995 8.27075 633.847
104.964 8.31268 633.944
104.933 8.35461 634.042
104.902 8.39658 634.139
104.872 8.43851 634.237
104.841 8.48044 634.334
104.81 8.52237 634.432
104.779 8.5643 634.53
104.748 8.60623 634.627
104.718 8.64816 634.725
104.687 8.69009 634.822
104.656 8.73203 634.92
104.625 8.77396 635.017
104.595 8.81592 635.115
104.564 8.85785 635.212
104.533 8.89978 635.31
104.502 8.94171 635.407
104.471 8.98364 635.505
104.441 9.02557 635.603
104.41 9.0675 635.7
104.379 9.10944 635.798
104.348 9.15137 635.895
104.318 9.1933 635.993
104.287 9.23526 636.09
104.256 9.27719 636.188
104.225 9.31912 636.285
104.194 9.36105 636.383
104.164 9.40298 636.48
104.133 9.44492 636.578
104.102 9.48685 636.675
104.071 9.52878 636.773
104.04 9.57071 636.871
104.01 9.61264 636.968
103.979 9.6546 637.066
103.948 9.69653 637.163
103.917 9.73846 637.261
103.887 9.7804 637.358
103.856 9.82233 637.456
103.825 9.86426 637.553
103.794 9.90619 637.651
103.763 9.94812 637.748
103.733 9.99005 637.846
103.702 10.032 637.944
103.671 10.0739 638.041
103.64 10.1159 638.139
103.61 10.1578 638.236
103.579 10.1997 638.334
103.548 10.2417 638.431
103.517 10.2836 638.529
103.486 10.3255 638.626
103.456 10.3675 638.724
103.425 10.4094 638.821
103.394 10.4513 638.919
103.363 10.4933 639.017
103.332 10.5352 639.114
103.302 10.5771 639.212
103.271 10.6191 639.309
103.24 10.661 639.407
103.209 10.7029 639.504
103.179 10.7449 639.602
103.148 10.7868 639.699
103.117 10.8287 639.797
103.086 10.8707 639.894
103.055 10.9126 639.992
103.025 10.9546 640.09
102.994 10.9965 640.187
102.963 11.0384 640.285
102.932 11.0804 640.382
102.902 11.1223 640.48
102.871 11.1642 640.577
102.84 11.2061 640.675
102.809 11.2481 640.772
102.778 11.29 640.87
102.748 11.332 640.967
102.717 11.3739 641.065
102.686 11.4158 641.163
102.655 11.4578 641.26
102.624 11.4997 641.358
102.594 11.5416 641.455
102.563 11.5836 641.553
102.532 11.6255 641.65
102.501 11.6674 641.748
102.471 11.7094 641.845
102.44 11.7513 641.943
102.409 11.7932 642.04
102.378 11.8352 642.138
102.347 11.8771 642.235
102.317 11.919 642.333
102.286 11.961 642.431
102.255 12.0029 642.528
102.224 12.0448 642.626
102.194 12.0868 642.723
102.163 12.1287 642.821
102.132 12.1707 642.918
#plane_1-plane_4
>points
-14.0907 -101.356 682.185
-14.2303 -101.7 682.845
-14.3699 -102.044 683.505
-14.5095 -102.388 684.165
-14.6492 -102.732 684.825
-14.7888 -103.075 685.486
-14.9284 -103.419 686.146
-15.068 -103.763 686.806
-15.2076 -104.107 687.466
-15.3473 -104.451 688.126
-15.4869 -104.795 688.786
-15.6265 -105.139 689.447
-15.7661 -105.482 690.107
-15.9058 -105.826 690.767
-16.0454 -106.17 691.427
-16.185 -106.514 692.087
-16.3246 -106.858 692.748
-16.4643 -107.202 693.408
-16.6039 -107.545 694.068
-16.7435 -107.889 694.728
-16.8831 -108.233 695.388
-17.0228 -108.577 696.049
-17.1624 -108.921 696.709
-17.302 -109.265 697.369
-17.4416 -109.609 698.029
-17.5813 -109.952 698.689
-17.7209 -110.296 699.35
-17.8605 -110.64 700.01
-18.0001 -110.984 700.67
-18.1398 -111.328 701.33
-18.2794 -111.672 701.99
-18.419 -112.015 702.651
-18.5586 -112.359 703.311
-18.6983 -112.703 703.971
-18.8379 -113.047 704.631
-18.9775 -113.391 705.291
-19.1171 -113.735 705.952
-19.2568 -114.079 706.612
-19.3964 -114.422 707.272
-19.536 -114.766 707.932
-19.6756 -115.11 708.592
-19.8153 -115.454 709.253
-19.9549 -115.798 709.913
-20.0945 -116.142 710.573
-20.2341 -116.485 711.233
-20.3737 -116.829 711.893
-20.5134 -117.173 712.554
-20.653 -117.517 713.214
-20.7926 -117.861 713.874
-20.9323 -118.205 714.534
-21.0719 -118.548 715.194
-21.2115 -118.892 715.854
-21.3511 -119.236 716.515
-21.4908 -119.58 717.175
-21.6304 -119.924 717.835
-21.77 -120.268 718.495
-21.9096 -120.612 719.156
-22.0492 -120.955 719.816
-22.1889 -121.299 720.476
-22.3285 -121.643 721.136
-22.4681 -121.987 721.796
-22.6077 -122.331 722.456
-22.7474 -122.675 723.117
-22.887 -123.018 723.777
-23.0266 -123.362 724.437
-23.1662 -123.706 725.097
-23.3059 -124.05 725.757
-23.4455 -124.394 726.418
-23.5851 -124.738 727.078
-23.7247 -125.082 727.738
-23.8644 -125.425 728.398
-24.004 -125.769 729.058
-24.1436 -126.113 729.719
-24.2832 -126.457 730.379
-24.4229 -126.801 731.039
-24.5625 -127.145 731.699
-24.7021 -127.488 732.359
-24.8417 -127.832 733.02
-24.9814 -128.176 733.68
-25.121 -128.52 734.34
-25.2606 -128.864 735
-25.4002 -129.208 735.66
-25.5399 -129.552 736.321
-25.6795 -129.895 736.981
-25.8191 -130.239 737.641
-25.9587 -130.583 738.301
-26.0984 -130.927 738.961
-26.238 -131.271 739.622
-26.3776 -131.615 740.282
-26.5172 -131.958 740.942
-26.6569 -132.302 741.602
-26.7965 -132.646 742.262
-26.9361 -132.99 742.923
-27.0757 -133.334 743.583
-27.2153 -133.678 744.243
-27.355 -134.021 744.903
-27.4946 -134.365 745.563
-27.6342 -134.709 746.224
-27.7738 -135.053 746.884
-27.9135 -135.397 747.544
#plane_13-plane_9
>points
-8.95148 -120.94 658.018
-8.98451 -120.803 658.173
-9.01752 -120.665 658.329
-9.0505 -120.527 658.484
-9.08345 -120.388 658.638
-9.11638 -120.248 658.793
-9.14929 -120.109 658.948
-9.18217 -119.968 659.103
-9.21502 -119.827 659.257
-9.24785 -119.686 659.411
-9.28064 -119.544 659.565
-9.31341 -119.401 659.719
-9.34615 -119.258 659.873
-9.37886 -119.115 660.027
-9.41155 -118.971 660.181
-9.44421 -118.826 660.334
-9.47683 -118.681 660.487
-9.50943 -118.535 660.641
-9.542 -118.389 660.794
-9.57454 -118.242 660.947
-9.60705 -118.095 661.099
-9.63952 -117.948 661.252
-9.67197 -117.799 661.405
-9.70439 -117.651 661.557
-9.73677 -117.501 661.709
-9.76912 -117.352 661.861
-9.80144 -117.201 662.013
-9.83373 -117.05 662.165
-9.86598 -116.899 662.316
-9.8982 -116.747 662.468
-9.93039 -116.595 662.619
-9.96255 -116.442 662.77
-9.99467 -116.289 662.921
-10.0268 -116.135 663.072
-10.0588 -115.981 663.222
-10.0908 -115.826 663.373
-10.1228 -115.671 663.523
-10.1548 -115.515 663.673
-10.1867 -115.359 663.823
-10.2186 -115.202 663.973
-10.2504 -115.045 664.122
-10.2822 -114.887 664.272
-10.314 -114.729 664.421
-10.3457 -114.57 664.57
-10.3774 -114.411 664.719
-10.4091 -114.251 664.868
-10.4407 -114.091 665.016
-10.4723 -113.93 665.164
-10.5038 -113.769 665.313
-10.5353 -113.608 665.461
-10.5668 -113.446 665.608
-10.5982 -113.283 665.756
-10.6296 -113.12 665.903
-10.6609 -112.957 666.051
-10.6923 -112.793 666.198
-10.7235 -112.628 666.345
-10.7548 -112.463 666.491
-10.7859 -112.298 666.638
-10.8171 -112.132 666.784
-10.8482 -111.966 666.93
-10.8793 -111.799 667.076
-10.9103 -111.632 667.222
-10.9413 -111.464 667.367
-10.9722 -111.296 667.512
-11.0031 -111.128 667.657
-11.0339 -110.959 667.802
-11.0647 -110.789 667.947
-11.0955 -110.619 668.091
-11.1262 -110.449 668.236
-11.1569 -110.278 668.38
-11.1875 -110.107 668.523
-11.2181 -109.935 668.667
-11.2487 -109.763 668.81
-11.2792 -109.59 668.954
-11.3096 -109.417 669.097
-11.34 -109.244 669.239
-11.3704 -109.07 669.382
-11.4007 -108.896 669.524
-11.431 -108.721 669.666
-11.4612 -108.546 669.808
-11.4914 -108.37 669.95
-11.5215 -108.194 670.091
-11.5516 -108.017 670.232
-11.5816 -107.841 670.373
-11.6116 -107.663 670.514
-11.6415 -107.485 670.655
-11.6714 -107.307 670.795
-11.7012 -107.129 670.935
-11.731 -106.95 671.075
-11.7608 -106.77 671.214
-11.7905 -106.59 671.354
-11.8201 -106.41 671.493
-11.8497 -106.229 671.632
-11.8792 -106.048 671.77
-11.9087 -105.867 671.909
-11.9381 -105.685 672.047
-11.9675 -105.503 672.185
-11.9969 -105.32 672.322
-12.0261 -105.137 672.46
-12.0554 -104.953 672.597
#plane_13-cylinder_0
>points
-3.24606 -103.748 687.74
-3.3802 -104.079 688.376
-3.51434 -104.41 689.011
-3.6485 -104.741 689.647
-3.78264 -105.072 690.282
-3.91678 -105.403 690.918
-4.05092 -105.734 691.554
-4.18507 -106.065 692.189
-4.31921 -106.396 692.825
-4.45335 -106.727 693.461
-4.58749 -107.058 694.096
-4.72165 -107.389 694.732
-4.85579 -107.72 695.367
-4.98993 -108.051 696.003
-5.12408 -108.382 696.639
-5.25822 -108.713 697.274
-5.39236 -109.044 697.91
-5.5265 -109.375 698.546
-5.66066 -109.706 699.181
-5.7948 -110.037 699.817
-5.92894 -110.368 700.453
-6.0631 -110.699 701.088
-6.19724 -111.03 701.724
-6.33138 -111.361 702.359
-6.46552 -111.693 702.995
-6.59967 -112.024 703.631
-6.73381 -112.355 704.266
-6.86795 -112.686 704.902
-7.00211 -113.017 705.538
-7.13625 -113.348 706.173
-7.27039 -113.679 706.809
-7.40453 -114.01 707.445
-7.53868 -114.341 708.08
-7.67282 -114.672 708.716
-7.80696 -115.003 709.351
-7.94112 -115.334 709.987
-8.07526 -115.665 710.623
-8.2094 -115.996 711.258
-8.34354 -116.327 711.894
-8.47769 -116.658 712.53
-8.61183 -116.989 713.165
-8.74597 -117.32 713.801
-8.88013 -117.651 714.436
-9.01427 -117.982 715.072
-9.14841 -118.313 715.708
-9.28255 -118.644 716.343
-9.4167 -118.975 716.979
-9.55084 -119.306 717.615
-9.68498 -119.637 718.25
-9.81914 -119.969 718.886
-9.95328 -120.3 719.522
-10.0874 -120.631 720.157
-10.2216 -120.962 720.793
-10.3557 -121.293 721.428
-10.4899 -121.624 722.064
-10.624 -121.955 722.7
-10.7581 -122.286 723.335
-10.8923 -122.617 723.971
-11.0264 -122.948 724.607
-11.1606 -123.279 725.242
-11.2947 -123.61 725.878
-11.4289 -123.941 726.513
-11.563 -124.272 727.149
-11.6972 -124.603 727.785
-11.8313 -124.934 728.42
-11.9654 -125.265 729.056
-12.0996 -125.596 729.692
-12.2337 -125.927 730.327
-12.3679 -126.258 730.963
-12.502 -126.589 731.599
-12.6362 -126.92 732.234
-12.7703 -127.251 732.87
-12.9044 -127.582 733.505
-13.0386 -127.913 734.141
-13.1727 -128.245 734.777
-13.3069 -128.576 735.412
-13.441 -128.907 736.048
-13.5752 -129.238 736.684
-13.7093 -129.569 737.319
-13.8435 -129.9 737.955
-13.9776 -130.231 738.591
-14.1118 -130.562 739.226
-14.2459 -130.893 739.862
-14.38 -131.224 740.497
-14.5142 -131.555 741.133
-14.6483 -131.886 741.769
-14.7825 -132.217 742.404
-14.9166 -132.548 743.04
-15.0508 -132.879 743.676
-15.1849 -133.21 744.311
-15.319 -133.541 744.947
-15.4532 -133.872 745.582
-15.5873 -134.203 746.218
-15.7215 -134.534 746.854
-15.8556 -134.865 747.489
-15.9898 -135.196 748.125
-16.1239 -135.527 748.761
-16.2581 -135.858 749.396
-16.3922 -136.189 750.032
-16.5264 -136.52 750.667
#plane_14-plane_9
>points
1.56186 -123.748 665.199
1.52778 -123.553 665.358
1.49376 -123.357 665.517
1.45979 -123.161 665.676
1.42588 -122.964 665.835
1.39203 -122.767 665.993
1.35823 -122.569 666.151
1.3245 -122.371 666.309
1.29083 -122.172 666.466
1.25722 -121.973 666.623
1.22367 -121.773 666.78
1.19018 -121.572 666.937
1.15674 -121.371 667.093
1.12338 -121.17 667.249
1.09007 -120.968 667.404
1.05683 -120.765 667.56
1.02365 -120.562 667.715
0.990537 -120.359 667.87
0.957485 -120.154 668.024
0.924498 -119.95 668.178
0.891573 -119.745 668.332
0.858716 -119.539 668.486
0.825923 -119.333 668.639
0.793194 -119.127 668.792
0.760531 -118.919 668.944
0.727936 -118.712 669.097
0.695408 -118.504 669.249
0.662944 -118.295 669.4
0.630548 -118.086 669.551
0.598224 -117.877 669.702
0.565966 -117.667 669.853
0.533774 -117.456 670.003
0.501652 -117.245 670.154
0.469599 -117.034 670.303
0.437618 -116.822 670.453
0.405704 -116.61 670.602
0.373862 -116.397 670.75
0.342091 -116.184 670.899
0.31039 -115.97 671.047
0.278758 -115.756 671.194
0.247199 -115.541 671.342
0.215714 -115.326 671.489
0.184299 -115.11 671.635
0.15296 -114.894 671.781
0.121689 -114.678 671.927
0.0904951 -114.461 672.073
0.0593767 -114.244 672.218
0.0283279 -114.026 672.363
-0.00264454 -113.808 672.508
-0.0335417 -113.589 672.652
-0.0643644 -113.37 672.796
-0.0951109 -113.15 672.939
-0.125782 -112.93 673.082
-0.156376 -112.71 673.225
-0.186896 -112.489 673.367
-0.217337 -112.268 673.509
-0.247703 -112.046 673.651
-0.277988 -111.824 673.792
-0.308199 -111.602 673.933
-0.338328 -111.379 674.074
-0.368381 -111.156 674.214
-0.398356 -110.932 674.354
-0.428248 -110.708 674.493
-0.458063 -110.483 674.632
-0.487798 -110.258 674.771
-0.517451 -110.033 674.909
-0.547028 -109.807 675.047
-0.576519 -109.581 675.184
-0.605931 -109.355 675.321
-0.635261 -109.128 675.458
-0.664509 -108.901 675.594
-0.693677 -108.673 675.73
-0.722762 -108.445 675.866
-0.751762 -108.217 676.001
-0.78068 -107.988 676.136
-0.809514 -107.759 676.27
-0.838266 -107.529 676.404
-0.866933 -107.3 676.538
-0.895514 -107.069 676.671
-0.924012 -106.839 676.804
-0.952423 -106.608 676.936
-0.980749 -106.377 677.068
-1.00899 -106.145 677.2
-1.03715 -105.913 677.331
-1.06522 -105.681 677.461
-1.0932 -105.448 677.592
-1.12109 -105.215 677.722
-1.1489 -104.982 677.851
-1.17662 -104.748 677.98
-1.20425 -104.514 678.109
-1.2318 -104.28 678.237
-1.25925 -104.045 678.365
-1.28662 -103.81 678.492
-1.3139 -103.575 678.619
-1.34109 -103.339 678.746
-1.36819 -103.103 678.872
-1.3952 -102.867 678.998
-1.42212 -102.63 679.123
-1.44894 -102.393 679.248
-1.47568 -102.156 679.372
-1.50232 -101.918 679.496
#plane_14-cylinder_0
>points
-21.7935 -60.4782 599.572
-21.8558 -60.9598 599.602
-21.9168 -61.4418 599.634
-21.9763 -61.9243 599.67
-22.0344 -62.4072 599.708
-22.091 -62.8905 599.748
-22.1461 -63.3741 599.792
-22.1999 -63.8581 599.838
-22.2521 -64.3423 599.886
-22.3029 -64.8267 599.938
-22.3523 -65.3114 599.992
-22.4002 -65.7963 600.048
-22.4466 -66.2813 600.108
-22.4915 -66.7664 600.17
-22.535 -67.2517 600.234
-22.577 -67.737 600.302
-22.6175 -68.2224 600.372
-22.6566 -68.7077 600.444
-22.6941 -69.1931 600.519
-22.7302 -69.6783 600.597
-22.7648 -70.1635 600.678
-22.7979 -70.6486 600.761
-22.8295 -71.1335 600.846
-22.8596 -71.6183 600.935
-22.8882 -72.1028 601.025
-22.9153 -72.5872 601.119
-22.9409 -73.0712 601.215
-22.965 -73.5549 601.314
-22.9876 -74.0384 601.415
-23.0088 -74.5214 601.519
-23.0284 -75.0041 601.625
-23.0464 -75.4863 601.734
-23.063 -75.9681 601.845
-23.0781 -76.4495 601.959
-23.0917 -76.9303 602.076
-23.1037 -77.4105 602.195
-23.1143 -77.8902 602.316
-23.1233 -78.3693 602.44
-23.1308 -78.8478 602.567
-23.1369 -79.3256 602.696
-23.1413 -79.8027 602.828
-23.1443 -80.2791 602.962
-23.1458 -80.7548 603.098
-23.1458 -81.2297 603.237
-23.1442 -81.7037 603.379
-23.1411 -82.1769 603.523
-23.1365 -82.6493 603.669
-23.1304 -83.1207 603.818
-23.1228 -83.5912 603.969
-23.1137 -84.0608 604.123
-23.1031 -84.5294 604.279
-23.0909 -84.9969 604.437
-23.0772 -85.4635 604.598
-23.0621 -85.9289 604.761
-23.0454 -86.3932 604.926
-23.0272 -86.8564 605.094
-23.0075 -87.3185 605.265
-22.9863 -87.7793 605.437
-22.9636 -88.2389 605.612
-22.9394 -88.6973 605.789
-22.9137 -89.1544 605.968
-22.8865 -89.6102 606.15
-22.8578 -90.0646 606.334
-22.8276 -90.5177 606.52
-22.7959 -90.9694 606.709
-22.7627 -91.4197 606.9
-22.7281 -91.8685 607.093
-22.6919 -92.3159 607.288
-22.6543 -92.7617 607.485
-22.6151 -93.206 607.685
-22.5745 -93.6488 607.887
-22.5324 -94.0899 608.091
-22.4889 -94.5295 608.297
-22.4438 -94.9674 608.505
-22.3973 -95.4036 608.715
-22.3494 -95.8381 608.928
-22.2999 -96.2709 609.142
-22.249 -96.702 609.359
-22.1967 -97.1312 609.578
-22.1429 -97.5587 609.798
-22.0876 -97.9843 610.021
-22.0309 -98.4081 610.246
-21.9727 -98.8299 610.473
-21.9131 -99.2499 610.702
-21.8521 -99.6679 610.932
-21.7897 -100.084 611.165
-21.7258 -100.498 611.4
-21.6604 -100.91 611.637
-21.5937 -101.32 611.875
-21.5256 -101.728 612.116
-21.456 -102.134 612.359
-21.385 -102.538 612.603
-21.3126 -102.939 612.849
-21.2389 -103.339 613.097
-21.1637 -103.736 613.347
-21.0871 -104.131 613.599
-21.0092 -104.523 613.852
-20.9299 -104.914 614.108
-20.8492 -105.302 614.365
-20.7671 -105.688 614.624
-20.6837 -106.071 614.884
#plane_16-cylinder_0
>points
-11.7878 -61.8162 596.721
-11.8181 -61.9741 596.715
-11.8483 -62.1321 596.709
-11.8783 -62.2903 596.703
-11.9081 -62.4486 596.698
-11.9378 -62.607 596.693
-11.9673 -62.7655 596.688
-11.9967 -62.9241 596.684
-12.0259 -63.0828 596.68
-12.055 -63.2416 596.676
-12.0839 -63.4006 596.673
-12.1126 -63.5596 596.67
-12.1412 -63.7188 596.667
-12.1696 -63.8781 596.665
-12.1979 -64.0374 596.662
-12.226 -64.1969 596.661
-12.2539 -64.3565 596.659
-12.2817 -64.5161 596.658
-12.3094 -64.6759 596.657
-12.3368 -64.8358 596.656
-12.3641 -64.9958 596.656
-12.3913 -65.1558 596.656
-12.4183 -65.316 596.656
-12.4451 -65.4762 596.657
-12.4718 -65.6366 596.658
-12.4983 -65.797 596.659
-12.5246 -65.9575 596.66
-12.5508 -66.1181 596.662
-12.5769 -66.2788 596.664
-12.6027 -66.4396 596.667
-12.6284 -66.6005 596.67
-12.654 -66.7615 596.673
-12.6794 -66.9225 596.676
-12.7046 -67.0836 596.68
-12.7296 -67.2448 596.684
-12.7545 -67.4061 596.688
-12.7793 -67.5675 596.693
-12.8038 -67.7289 596.698
-12.8282 -67.8904 596.703
-12.8525 -68.052 596.709
-12.8766 -68.2137 596.715
-12.9005 -68.3754 596.721
-12.9242 -68.5372 596.727
-12.9478 -68.6991 596.734
-12.9712 -68.8611 596.741
-12.9945 -69.0231 596.748
-13.0176 -69.1852 596.756
-13.0405 -69.3473 596.764
-13.0633 -69.5095 596.773
-13.0859 -69.6718 596.781
-13.1083 -69.8342 596.79
-13.1306 -69.9966 596.799
-13.1527 -70.159 596.809
-13.1746 -70.3215 596.819
-13.1964 -70.4841 596.829
-13.218 -70.6468 596.84
-13.2395 -70.8094 596.85
-13.2607 -70.9722 596.861
-13.2819 -71.135 596.873
-13.3028 -71.2978 596.885
-13.3236 -71.4607 596.897
-13.3442 -71.6237 596.909
-13.3646 -71.7867 596.922
-13.3849 -71.9497 596.935
-13.405 -72.1128 596.948
-13.425 -72.2759 596.961
-13.4447 -72.4391 596.975
-13.4643 -72.6023 596.99
-13.4838 -72.7656 597.004
-13.5031 -72.9289 597.019
-13.5222 -73.0922 597.034
-13.5411 -73.2556 597.049
-13.5599 -73.419 597.065
-13.5785 -73.5825 597.081
-13.5969 -73.746 597.097
-13.6151 -73.9095 597.114
-13.6332 -74.073 597.131
-13.6512 -74.2366 597.148
-13.6689 -74.4002 597.166
-13.6865 -74.5638 597.184
-13.7039 -74.7275 597.202
-13.7212 -74.8912 597.22
-13.7382 -75.0549 597.239
-13.7551 -75.2186 597.258
-13.7719 -75.3824 597.277
-13.7884 -75.5462 597.297
-13.8048 -75.71 597.317
-13.8211 -75.8738 597.337
-13.8371 -76.0376 597.358
-13.853 -76.2015 597.379
-13.8687 -76.3653 597.4
-13.8843 -76.5292 597.422
-13.8996 -76.6931 597.443
-13.9148 -76.857 597.466
-13.9299 -77.0209 597.488
-13.9447 -77.1849 597.511
-13.9594 -77.3488 597.534
-13.9739 -77.5127 597.557
-13.9883 -77.6767 597.581
-14.0025 -77.8406 597.605
#plane_17-cylinder_0
>points
-14.5634 -89.2451 600.016
-14.5659 -89.475 600.08
-14.5681 -89.7047 600.145
-14.57 -89.9343 600.21
-14.5714 -90.1636 600.276
-14.5725 -90.3928 600.342
-14.5733 -90.6218 600.409
-14.5737 -90.8507 600.476
-14.5737 -91.0793 600.544
-14.5734 -91.3078 600.613
-14.5728 -91.5361 600.682
-14.5717 -91.7642 600.752
-14.5704 -91.9921 600.822
-14.5686 -92.2197 600.893
-14.5665 -92.4472 600.964
-14.5641 -92.6745 601.036
-14.5612 -92.9016 601.109
-14.5581 -93.1284 601.182
-14.5545 -93.3551 601.256
-14.5507 -93.5815 601.33
-14.5464 -93.8077 601.405
-14.5418 -94.0336 601.48
-14.5369 -94.2594 601.556
-14.5315 -94.4849 601.632
-14.5259 -94.7101 601.709
-14.5199 -94.9352 601.787
-14.5135 -95.1599 601.865
-14.5067 -95.3845 601.944
-14.4996 -95.6087 602.023
-14.4922 -95.8328 602.103
-14.4844 -96.0565 602.183
-14.4762 -96.2801 602.264
-14.4677 -96.5033 602.346
-14.4588 -96.7263 602.428
-14.4496 -96.949 602.51
-14.44 -97.1714 602.593
-14.4301 -97.3936 602.677
-14.4198 -97.6155 602.761
-14.4091 -97.8371 602.846
-14.3981 -98.0584 602.931
-14.3868 -98.2794 603.017
-14.3751 -98.5002 603.103
-14.363 -98.7206 603.19
-14.3506 -98.9407 603.277
-14.3378 -99.1606 603.365
-14.3247 -99.3801 603.454
-14.3112 -99.5993 603.542
-14.2973 -99.8182 603.632
-14.2832 -100.037 603.722
-14.2686 -100.255 603.812
-14.2537 -100.473 603.904
-14.2385 -100.691 603.995
-14.2229 -100.908 604.087
-14.2069 -101.125 604.18
-14.1906 -101.342 604.273
-14.174 -101.558 604.367
-14.1569 -101.774 604.461
-14.1396 -101.989 604.556
-14.1219 -102.205 604.651
-14.1038 -102.42 604.746
-14.0854 -102.634 604.843
-14.0666 -102.848 604.939
-14.0475 -103.062 605.037
-14.0281 -103.276 605.134
-14.0083 -103.489 605.233
-13.9881 -103.702 605.331
-13.9676 -103.914 605.431
-13.9467 -104.126 605.53
-13.9255 -104.338 605.631
-13.904 -104.549 605.731
-13.8821 -104.76 605.833
-13.8599 -104.97 605.934
-13.8373 -105.18 606.037
-13.8143 -105.39 606.139
-13.791 -105.599 606.243
-13.7674 -105.808 606.346
-13.7434 -106.017 606.45
-13.7191 -106.225 606.555
-13.6944 -106.432 606.66
-13.6694 -106.64 606.766
-13.6441 -106.847 606.872
-13.6184 -107.053 606.979
-13.5923 -107.259 607.086
-13.566 -107.465 607.193
-13.5392 -107.67 607.301
-13.5122 -107.874 607.41
-13.4848 -108.079 607.519
-13.457 -108.283 607.628
-13.4289 -108.486 607.738
-13.4005 -108.689 607.848
-13.3717 -108.892 607.959
-13.3426 -109.094 608.07
-13.3132 -109.295 608.182
-13.2834 -109.496 608.294
-13.2532 -109.697 608.407
-13.2228 -109.897 608.52
-13.192 -110.097 608.634
-13.1608 -110.297 608.748
-13.1294 -110.495 608.862
-13.0975 -110.694 608.977
-13.0654 -110.892 609.093
#plane_17-cylinder_0
>points
-56.8235 -100.47 529.161
-56.823 -100.585 529.196
-56.8224 -100.7 529.232
-56.8218 -100.815 529.267
-56.8213 -100.931 529.302
-56.8207 -101.046 529.337
-56.8201 -101.161 529.373
-56.8196 -101.276 529.408
-56.819 -101.391 529.443
-56.8184 -101.506 529.478
-56.8179 -101.621 529.514
-56.8173 -101.736 529.549
-56.8167 -101.851 529.584
-56.8162 -101.966 529.62
-56.8156 -102.082 529.655
-56.815 -102.197 529.69
-56.8145 -102.312 529.725
-56.8139 -102.427 529.761
-56.8133 -102.542 529.796
-56.8128 -102.657 529.831
-56.8122 -102.772 529.866
-56.8116 -102.887 529.902
-56.8111 -103.002 529.937
-56.8105 -103.117 529.972
-56.8099 -103.233 530.008
-56.8094 -103.348 530.043
-56.8088 -103.463 530.078
-56.8082 -103.578 530.113
-56.8077 -103.693 530.149
-56.8071 -103.808 530.184
-56.8065 -103.923 530.219
-56.806 -104.038 530.254
-56.8054 -104.153 530.29
-56.8048 -104.269 530.325
-56.8043 -104.384 530.36
-56.8037 -104.499 530.396
-56.8031 -104.614 530.431
-56.8026 -104.729 530.466
-56.802 -104.844 530.501
-56.8014 -104.959 530.537
-56.8009 -105.074 530.572
-56.8003 -105.189 530.607
-56.7997 -105.304 530.642
-56.7992 -105.42 530.678
-56.7986 -105.535 530.713
-56.798 -105.65 530.748
-56.7975 -105.765 530.784
-56.7969 -105.88 530.819
-56.7963 -105.995 530.854
-56.7958 -106.11 530.889
-56.7952 -106.225 530.925
-56.7947 -106.34 530.96
-56.7941 -106.455 530.995
-56.7935 -106.571 531.03
-56.793 -106.686 531.066
-56.7924 -106.801 531.101
-56.7918 -106.916 531.136
-56.7913 -107.031 531.172
-56.7907 -107.146 531.207
-56.7901 -107.261 531.242
-56.7896 -107.376 531.277
-56.789 -107.491 531.313
-56.7884 -107.607 531.348
-56.7879 -107.722 531.383
-56.7873 -107.837 531.418
-56.7867 -107.952 531.454
-56.7862 -108.067 531.489
-56.7856 -108.182 531.524
-56.785 -108.297 531.56
-56.7845 -108.412 531.595
-56.7839 -108.527 531.63
-56.7833 -108.642 531.665
-56.7828 -108.758 531.701
-56.7822 -108.873 531.736
-56.7816 -108.988 531.771
-56.7811 -109.103 531.806
-56.7805 -109.218 531.842
-56.7799 -109.333 531.877
-56.7794 -109.448 531.912
-56.7788 -109.563 531.948
-56.7782 -109.678 531.983
-56.7777 -109.793 532.018
-56.7771 -109.909 532.053
-56.7765 -110.024 532.089
-56.776 -110.139 532.124
-56.7754 -110.254 532.159
-56.7748 -110.369 532.194
-56.7743 -110.484 532.23
-56.7737 -110.599 532.265
-56.7731 -110.714 532.3
-56.7726 -110.829 532.336
-56.772 -110.945 532.371
-56.7714 -111.06 532.406
-56.7709 -111.175 532.441
-56.7703 -111.29 532.477
-56.7697 -111.405 532.512
-56.7692 -111.52 532.547
-56.7686 -111.635 532.582
-56.768 -111.75 532.618
-56.7675 -111.865 532.653
-56.7669 -111.98 532.688
#plane_17-plane_20
>points
-16.0166 -79.8342 594.662
-16.4229 -80.0397 594.01
-16.8292 -80.2452 593.358
-17.2355 -80.4507 592.706
-17.6418 -80.6561 592.053
-18.0481 -80.8616 591.401
-18.4544 -81.0671 590.749
-18.8607 -81.2726 590.097
-19.267 -81.478 589.445
-19.6733 -81.6835 588.792
-20.0797 -81.889 588.14
-20.486 -82.0944 587.488
-20.8923 -82.2999 586.836
-21.2986 -82.5054 586.184
-21.7049 -82.7109 585.532
-22.1112 -82.9163 584.879
-22.5175 -83.1218 584.227
-22.9238 -83.3273 583.575
-23.3301 -83.5328 582.923
-23.7365 -83.7382 582.271
-24.1428 -83.9437 581.618
-24.549 -84.1492 580.966
-24.9554 -84.3547 580.314
-25.3617 -84.5601 579.662
-25.768 -84.7656 579.01
-26.1743 -84.9711 578.358
-26.5806 -85.1766 577.705
-26.9869 -85.382 577.053
-27.3932 -85.5875 576.401
-27.7995 -85.793 575.749
-28.2058 -85.9984 575.097
-28.6122 -86.2039 574.444
-29.0185 -86.4094 573.792
-29.4248 -86.6149 573.14
-29.8311 -86.8203 572.488
-30.2374 -87.0258 571.836
-30.6437 -87.2313 571.184
-31.05 -87.4368 570.531
-31.4563 -87.6422 569.879
-31.8626 -87.8477 569.227
-32.2689 -88.0532 568.575
-32.6752 -88.2587 567.923
-33.0815 -88.4641 567.27
-33.4879 -88.6696 566.618
-33.8942 -88.8751 565.966
-34.3005 -89.0806 565.314
-34.7068 -89.286 564.662
-35.1131 -89.4915 564.01
-35.5194 -89.697 563.357
-35.9257 -89.9025 562.705
-36.332 -90.1079 562.053
-36.7383 -90.3134 561.401
-37.1446 -90.5189 560.749
-37.5509 -90.7243 560.096
-37.9572 -90.9298 559.444
-38.3636 -91.1353 558.792
-38.7699 -91.3408 558.14
-39.1762 -91.5462 557.488
-39.5825 -91.7517 556.835
-39.9888 -91.9572 556.183
-40.3951 -92.1627 555.531
-40.8014 -92.3681 554.879
-41.2077 -92.5736 554.227
-41.614 -92.7791 553.575
-42.0203 -92.9846 552.922
-42.4266 -93.19 552.27
-42.8329 -93.3955 551.618
-43.2393 -93.601 550.966
-43.6456 -93.8065 550.314
-44.0519 -94.0119 549.661
-44.4582 -94.2174 549.009
-44.8645 -94.4229 548.357
-45.2708 -94.6284 547.705
-45.6771 -94.8338 547.053
-46.0834 -95.0393 546.401
-46.4897 -95.2448 545.748
-46.896 -95.4503 545.096
-47.3023 -95.6557 544.444
-47.7086 -95.8612 543.792
-48.115 -96.0667 543.14
-48.5213 -96.2722 542.487
-48.9276 -96.4776 541.835
-49.3339 -96.6831 541.183
-49.7402 -96.8886 540.531
-50.1465 -97.0941 539.879
-50.5528 -97.2995 539.227
-50.9591 -97.505 538.574
-51.3654 -97.7105 537.922
-51.7718 -97.916 537.27
-52.1781 -98.1214 536.618
-52.5844 -98.3269 535.966
-52.9907 -98.5324 535.313
-53.397 -98.7378 534.661
-53.8033 -98.9433 534.009
-54.2096 -99.1488 533.357
-54.6159 -99.3543 532.705
-55.0222 -99.5597 532.052
-55.4285 -99.7652 531.4
-55.8348 -99.9707 530.748
-56.2411 -100.176 530.096
#plane_21-plane_17
>points
13.9503 -80.2486 589.926
13.7046 -80.2485 589.954
13.4586 -80.2481 589.982
13.2124 -80.2476 590.012
12.9659 -80.2468 590.042
12.7193 -80.2458 590.073
12.4724 -80.2445 590.104
12.2253 -80.243 590.137
11.978 -80.2413 590.17
11.7305 -80.2394 590.204
11.4828 -80.2372 590.239
11.2348 -80.2349 590.275
10.9867 -80.2323 590.311
10.7384 -80.2294 590.348
10.4899 -80.2264 590.386
10.2413 -80.2231 590.425
9.9924 -80.2196 590.464
9.74337 -80.2158 590.505
9.49416 -80.2119 590.546
9.24478 -80.2077 590.588
8.99524 -80.2033 590.631
8.74554 -80.1986 590.674
8.49567 -80.1938 590.718
8.24565 -80.1887 590.763
7.99548 -80.1834 590.809
7.74516 -80.1778 590.856
7.4947 -80.172 590.903
7.2441 -80.1661 590.951
6.99336 -80.1598 591
6.74249 -80.1534 591.05
6.49149 -80.1467 591.101
6.24037 -80.1398 591.152
5.98912 -80.1327 591.204
5.73775 -80.1254 591.257
5.48627 -80.1178 591.311
5.23468 -80.11 591.365
4.98299 -80.102 591.42
4.73119 -80.0937 591.476
4.47929 -80.0853 591.533
4.2273 -80.0766 591.59
3.97521 -80.0677 591.649
3.72304 -80.0585 591.708
3.47079 -80.0492 591.767
3.21845 -80.0396 591.828
2.96604 -80.0298 591.889
2.71356 -80.0198 591.951
2.461 -80.0095 592.014
2.20838 -79.999 592.078
1.9557 -79.9883 592.142
1.70297 -79.9774 592.207
1.45017 -79.9663 592.273
1.19733 -79.9549 592.34
0.944443 -79.9433 592.407
0.691509 -79.9315 592.476
0.438537 -79.9195 592.545
0.185535 -79.9072 592.614
-0.0674982 -79.8947 592.685
-0.320565 -79.882 592.756
-0.573651 -79.8691 592.828
-0.826761 -79.856 592.901
-1.07988 -79.8426 592.974
-1.33302 -79.829 593.048
-1.58617 -79.8152 593.123
-1.83932 -79.8012 593.199
-2.09247 -79.787 593.275
-2.34561 -79.7725 593.353
-2.59876 -79.7578 593.431
-2.85189 -79.7429 593.509
-3.10501 -79.7278 593.589
-3.35811 -79.7125 593.669
-3.61119 -79.6969 593.75
-3.86424 -79.6812 593.831
-4.11727 -79.6652 593.914
-4.37026 -79.649 593.997
-4.62321 -79.6325 594.081
-4.87613 -79.6159 594.165
-5.129 -79.599 594.251
-5.38182 -79.582 594.337
-5.63459 -79.5647 594.423
-5.88731 -79.5472 594.511
-6.13997 -79.5294 594.599
-6.39256 -79.5115 594.688
-6.64509 -79.4933 594.778
-6.89754 -79.475 594.868
-7.14993 -79.4564 594.959
-7.40224 -79.4376 595.051
-7.65446 -79.4186 595.144
-7.9066 -79.3993 595.237
-8.15864 -79.3799 595.331
-8.4106 -79.3602 595.426
-8.66246 -79.3404 595.521
-8.91422 -79.3203 595.617
-9.16588 -79.3 595.714
-9.41742 -79.2795 595.812
-9.66886 -79.2588 595.91
-9.92018 -79.2378 596.009
-10.1714 -79.2167 596.109
-10.4225 -79.1953 596.209
-10.6734 -79.1738 596.31
-10.9242 -79.152 596.412
-11.1749 -79.13 596.514
#plane_21-cylinder_0
>points
-16.6347 -91.4193 597.027
-17.0329 -91.6212 596.388
-17.431 -91.8232 595.749
-17.8291 -92.0251 595.11
-18.2273 -92.227 594.471
-18.6254 -92.429 593.833
-19.0235 -92.6309 593.194
-19.4217 -92.8329 592.555
-19.8198 -93.0348 591.916
-20.2179 -93.2367 591.277
-20.616 -93.4387 590.638
-21.0142 -93.6406 589.999
-21.4123 -93.8425 589.36
-21.8104 -94.0445 588.721
-22.2086 -94.2464 588.083
-22.6067 -94.4484 587.444
-23.0048 -94.6503 586.805
-23.403 -94.8522 586.166
-23.8011 -95.0542 585.527
-24.1992 -95.2561 584.888
-24.5974 -95.4581 584.249
-24.9955 -95.66 583.61
-25.3936 -95.8619 582.972
-25.7917 -96.0639 582.333
-26.1899 -96.2658 581.694
-26.588 -96.4678 581.055
-26.9861 -96.6697 580.416
-27.3843 -96.8716 579.777
-27.7824 -97.0736 579.138
-28.1805 -97.2755 578.499
-28.5787 -97.4775 577.861
-28.9768 -97.6794 577.222
-29.3749 -97.8813 576.583
-29.773 -98.0833 575.944
-30.1712 -98.2852 575.305
-30.5693 -98.4872 574.666
-30.9674 -98.6891 574.027
-31.3656 -98.891 573.388
-31.7637 -99.093 572.75
-32.1618 -99.2949 572.111
-32.56 -99.4969 571.472
-32.9581 -99.6988 570.833
-33.3562 -99.9007 570.194
-33.7544 -100.103 569.555
-34.1525 -100.305 568.916
-34.5506 -100.507 568.277
-34.9488 -100.708 567.638
-35.3469 -100.91 567
-35.745 -101.112 566.361
-36.1432 -101.314 565.722
-36.5413 -101.516 565.083
-36.9394 -101.718 564.444
-37.3376 -101.92 563.805
-37.7357 -102.122 563.166
-38.1338 -102.324 562.527
-38.5319 -102.526 561.889
-38.9301 -102.728 561.25
-39.3282 -102.93 560.611
-39.7263 -103.132 559.972
-40.1245 -103.334 559.333
-40.5226 -103.536 558.694
-40.9207 -103.738 558.055
-41.3188 -103.94 557.416
-41.717 -104.141 556.778
-42.1151 -104.343 556.139
-42.5132 -104.545 555.5
-42.9114 -104.747 554.861
-43.3095 -104.949 554.222
-43.7076 -105.151 553.583
-44.1058 -105.353 552.944
-44.5039 -105.555 552.305
-44.902 -105.757 551.667
-45.3002 -105.959 551.028
-45.6983 -106.161 550.389
-46.0964 -106.363 549.75
-46.4946 -106.565 549.111
-46.8927 -106.767 548.472
-47.2908 -106.969 547.833
-47.6889 -107.171 547.194
-48.0871 -107.372 546.556
-48.4852 -107.574 545.917
-48.8833 -107.776 545.278
-49.2815 -107.978 544.639
-49.6796 -108.18 544
-50.0777 -108.382 543.361
-50.4759 -108.584 542.722
-50.874 -108.786 542.083
-51.2721 -108.988 541.445
-51.6703 -109.19 540.806
-52.0684 -109.392 540.167
-52.4665 -109.594 539.528
-52.8647 -109.796 538.889
-53.2628 -109.998 538.25
-53.6609 -110.2 537.611
-54.0591 -110.402 536.972
-54.4572 -110.604 536.333
-54.8553 -110.805 535.695
-55.2534 -111.007 535.056
-55.6516 -111.209 534.417
-56.0497 -111.411 533.778
#plane_22-plane_17
>points
10.6352 -92.7955 589.238
10.3992 -92.7833 589.307
10.1631 -92.7709 589.376
9.92708 -92.7583 589.445
9.69102 -92.7455 589.516
9.45496 -92.7325 589.587
9.2189 -92.7193 589.658
8.98283 -92.706 589.731
8.74678 -92.6924 589.804
8.51074 -92.6787 589.877
8.2747 -92.6648 589.952
8.03869 -92.6506 590.026
7.8027 -92.6363 590.102
7.56672 -92.6218 590.178
7.33078 -92.6071 590.255
7.09486 -92.5923 590.333
6.85897 -92.5772 590.411
6.62312 -92.5619 590.489
6.3873 -92.5465 590.569
6.15152 -92.5308 590.649
5.91579 -92.515 590.729
5.6801 -92.499 590.811
5.44447 -92.4828 590.893
5.20889 -92.4664 590.975
4.97335 -92.4498 591.058
4.73788 -92.433 591.142
4.50248 -92.4161 591.227
4.26714 -92.3989 591.312
4.03186 -92.3816 591.398
3.79666 -92.3641 591.484
3.56153 -92.3463 591.571
3.32648 -92.3285 591.658
3.09151 -92.3104 591.747
2.85661 -92.2921 591.835
2.62182 -92.2737 591.925
2.3871 -92.255 592.015
2.15248 -92.2362 592.106
1.91795 -92.2172 592.197
1.68353 -92.198 592.289
1.4492 -92.1786 592.381
1.21498 -92.159 592.475
0.980865 -92.1393 592.568
0.746864 -92.1194 592.663
0.51297 -92.0992 592.758
0.279202 -92.0789 592.853
0.0455465 -92.0585 592.949
-0.187984 -92.0378 593.046
-0.421389 -92.017 593.144
-0.654662 -91.9959 593.242
-0.887807 -91.9747 593.34
-1.12082 -91.9533 593.439
-1.35369 -91.9317 593.539
-1.58642 -91.91 593.64
-1.819 -91.888 593.741
-2.05145 -91.8659 593.842
-2.28373 -91.8436 593.944
-2.51587 -91.8212 594.047
-2.74785 -91.7985 594.151
-2.97968 -91.7757 594.255
-3.21134 -91.7526 594.359
-3.44283 -91.7294 594.464
-3.67416 -91.7061 594.57
-3.90531 -91.6825 594.676
-4.1363 -91.6588 594.783
-4.3671 -91.6349 594.891
-4.59772 -91.6108 594.999
-4.82817 -91.5865 595.107
-5.05843 -91.5621 595.217
-5.28849 -91.5375 595.326
-5.51837 -91.5127 595.437
-5.74805 -91.4877 595.548
-5.97753 -91.4626 595.659
-6.20681 -91.4372 595.771
-6.4359 -91.4118 595.884
-6.66477 -91.3861 595.997
-6.89342 -91.3602 596.111
-7.12188 -91.3342 596.225
-7.35011 -91.308 596.34
-7.57812 -91.2817 596.456
-7.80592 -91.2551 596.572
-8.03349 -91.2284 596.688
-8.26083 -91.2016 596.806
-8.48793 -91.1745 596.923
-8.71481 -91.1473 597.042
-8.94146 -91.1199 597.16
-9.16786 -91.0923 597.28
-9.39402 -91.0646 597.4
-9.61993 -91.0367 597.52
-9.84559 -91.0086 597.641
-10.071 -90.9804 597.763
-10.2962 -90.952 597.885
-10.5211 -90.9234 598.007
-10.7457 -90.8946 598.131
-10.9701 -90.8657 598.254
-11.1942 -90.8366 598.379
-11.4181 -90.8074 598.503
-11.6416 -90.7779 598.629
-11.8649 -90.7484 598.755
-12.088 -90.7186 598.881
-12.3107 -90.6887 599.008
-12.5332 -90.6586 599.135
#plane_22-cylinder_0
>points
51.8696 -63.5206 660.454
51.8126 -63.3492 660.364
51.7551 -63.1779 660.273
51.6972 -63.0065 660.183
51.6388 -62.8352 660.092
51.5798 -62.6638 660.001
51.5205 -62.4925 659.91
51.4606 -62.3212 659.819
51.4002 -62.1499 659.728
51.3394 -61.9786 659.636
51.2781 -61.8074 659.545
51.2163 -61.6361 659.453
51.1541 -61.4649 659.361
51.0913 -61.2937 659.269
51.0281 -61.1225 659.177
50.9644 -60.9513 659.085
50.9002 -60.7802 658.992
50.8356 -60.6091 658.9
50.7705 -60.438 658.807
50.7049 -60.267 658.714
50.6388 -60.0959 658.622
50.5723 -59.9249 658.528
50.5053 -59.754 658.435
50.4378 -59.5831 658.342
50.3698 -59.4122 658.248
50.3014 -59.2413 658.155
50.2325 -59.0705 658.061
50.1631 -58.8998 657.967
50.0933 -58.7291 657.873
50.023 -58.5584 657.779
49.9522 -58.3878 657.685
49.881 -58.2172 657.591
49.8093 -58.0466 657.496
49.7371 -57.8762 657.402
49.6645 -57.7057 657.307
49.5914 -57.5354 657.212
49.5178 -57.365 657.117
49.4438 -57.1948 657.022
49.3693 -57.0246 656.927
49.2944 -56.8544 656.832
49.219 -56.6843 656.736
49.1431 -56.5143 656.641
49.0668 -56.3444 656.545
48.99 -56.1745 656.449
48.9127 -56.0047 656.353
48.835 -55.8349 656.257
48.7569 -55.6652 656.161
48.6782 -55.4956 656.065
48.5992 -55.3261 655.969
48.5196 -55.1566 655.872
48.4397 -54.9872 655.776
48.3592 -54.8179 655.679
48.2783 -54.6487 655.582
48.197 -54.4795 655.486
48.1152 -54.3104 655.389
48.0329 -54.1415 655.292
47.9503 -53.9726 655.194
47.8671 -53.8037 655.097
47.7835 -53.635 655
47.6995 -53.4664 654.902
47.615 -53.2978 654.805
47.5301 -53.1294 654.707
47.4447 -52.961 654.609
47.3589 -52.7928 654.511
47.2726 -52.6246 654.413
47.1859 -52.4565 654.315
47.0987 -52.2886 654.217
47.0111 -52.1207 654.119
46.9231 -51.9529 654.021
46.8346 -51.7853 653.922
46.7457 -51.6177 653.824
46.6563 -51.4503 653.725
46.5666 -51.283 653.626
46.4763 -51.1157 653.528
46.3857 -50.9486 653.429
46.2946 -50.7816 653.33
46.203 -50.6147 653.231
46.111 -50.448 653.132
46.0186 -50.2813 653.033
45.9258 -50.1148 652.933
45.8325 -49.9484 652.834
45.7388 -49.7821 652.734
45.6447 -49.6159 652.635
45.5502 -49.4499 652.535
45.4552 -49.2839 652.436
45.3598 -49.1182 652.336
45.2639 -48.9525 652.236
45.1677 -48.787 652.136
45.071 -48.6216 652.036
44.9739 -48.4563 651.936
44.8763 -48.2912 651.836
44.7784 -48.1262 651.736
44.68 -47.9613 651.635
44.5812 -47.7966 651.535
44.482 -47.6321 651.435
44.3823 -47.4676 651.334
44.2823 -47.3034 651.234
44.1818 -47.1392 651.133
44.0809 -46.9752 651.032
43.9796 -46.8114 650.932
#plane_5-cylinder_0
>points
61.9745 -71.9925 653.854
61.8699 -71.7419 653.715
61.7644 -71.4913 653.576
61.6578 -71.2408 653.436
61.5503 -70.9905 653.296
61.4417 -70.7403 653.156
61.3321 -70.4902 653.015
61.2216 -70.2403 652.875
61.11 -69.9905 652.734
60.9974 -69.7408 652.593
60.8839 -69.4912 652.451
60.7693 -69.2419 652.31
60.6538 -68.9926 652.168
60.5372 -68.7436 652.026
60.4197 -68.4947 651.883
60.3012 -68.2459 651.741
60.1817 -67.9974 651.598
60.0613 -67.749 651.455
59.9398 -67.5008 651.312
59.8174 -67.2528 651.168
59.694 -67.005 651.024
59.5697 -66.7574 650.88
59.4443 -66.51 650.736
59.3181 -66.2628 650.592
59.1908 -66.0158 650.447
59.0626 -65.769 650.303
58.9334 -65.5224 650.158
58.8033 -65.2761 650.013
58.6722 -65.03 649.867
58.5402 -64.7841 649.722
58.4072 -64.5385 649.576
58.2733 -64.2931 649.43
58.1384 -64.048 649.284
58.0026 -63.8031 649.138
57.8659 -63.5585 648.991
57.7282 -63.3142 648.845
57.5896 -63.0701 648.698
57.4501 -62.8263 648.551
57.3096 -62.5827 648.404
57.1682 -62.3395 648.257
57.0259 -62.0965 648.109
56.8827 -61.8539 647.961
56.7385 -61.6115 647.814
56.5935 -61.3694 647.666
56.4475 -61.1276 647.518
56.3006 -60.8862 647.37
56.1528 -60.645 647.221
56.0041 -60.4042 647.073
55.8546 -60.1637 646.924
55.7041 -59.9235 646.775
55.5527 -59.6837 646.626
55.4004 -59.4442 646.477
55.2473 -59.205 646.328
55.0933 -58.9662 646.179
54.9383 -58.7277 646.029
54.7825 -58.4896 645.88
54.6259 -58.2519 645.73
54.4683 -58.0145 645.58
54.3099 -57.7775 645.431
54.1506 -57.5409 645.281
53.9905 -57.3046 645.131
53.8295 -57.0687 644.98
53.6676 -56.8333 644.83
53.5049 -56.5982 644.68
53.3413 -56.3635 644.529
53.1769 -56.1292 644.379
53.0116 -55.8953 644.228
52.8455 -55.6618 644.077
52.6786 -55.4287 643.927
52.5108 -55.1961 643.776
52.3422 -54.9639 643.625
52.1727 -54.7321 643.474
52.0024 -54.5007 643.323
51.8313 -54.2698 643.171
51.6594 -54.0393 643.02
51.4867 -53.8092 642.869
51.3132 -53.5797 642.717
51.1388 -53.3505 642.566
50.9637 -53.1218 642.415
50.7877 -52.8936 642.263
50.6109 -52.6659 642.112
50.4334 -52.4386 641.96
50.255 -52.2118 641.808
50.0759 -51.9855 641.657
49.896 -51.7597 641.505
49.7153 -51.5343 641.353
49.5338 -51.3095 641.201
49.3515 -51.0851 641.05
49.1685 -50.8613 640.898
48.9847 -50.6379 640.746
48.8001 -50.4151 640.594
48.6148 -50.1928 640.442
48.4287 -49.971 640.29
48.2419 -49.7497 640.138
48.0543 -49.529 639.986
47.8659 -49.3088 639.835
47.6768 -49.0891 639.683
47.487 -48.8699 639.531
47.2965 -48.6513 639.379
47.1052 -48.4333 639.227
#plane_6-cylinder_0
>points
-29.1822 -87.7952 676.127
-28.7283 -87.8936 676.358
-28.2721 -87.9906 676.586
-27.8137 -88.0862 676.812
-27.3532 -88.1804 677.035
-26.8905 -88.2733 677.255
-26.4258 -88.3646 677.473
-25.9589 -88.4546 677.689
-25.4901 -88.5431 677.902
-25.0192 -88.6302 678.112
-24.5464 -88.7159 678.32
-24.0717 -88.8001 678.524
-23.5951 -88.8828 678.727
-23.1166 -88.9641 678.926
-22.6364 -89.0439 679.123
-22.1543 -89.1223 679.317
-21.6705 -89.1991 679.509
-21.185 -89.2745 679.697
-20.6978 -89.3483 679.883
-20.209 -89.4207 680.066
-19.7185 -89.4916 680.247
-19.2266 -89.561 680.424
-18.733 -89.6288 680.599
-18.238 -89.6951 680.771
-17.7415 -89.76 680.94
-17.2436 -89.8232 681.106
-16.7443 -89.885 681.269
-16.2437 -89.9452 681.43
-15.7417 -90.0039 681.587
-15.2385 -90.061 681.742
-14.7341 -90.1166 681.894
-14.2284 -90.1706 682.043
-13.7216 -90.2231 682.189
-13.2136 -90.274 682.331
-12.7046 -90.3233 682.472
-12.1945 -90.3711 682.609
-11.6834 -90.4173 682.743
-11.1714 -90.4619 682.874
-10.6583 -90.5049 683.002
-10.1444 -90.5464 683.127
-9.62966 -90.5862 683.249
-9.11406 -90.6245 683.368
-8.59767 -90.6612 683.484
-8.08054 -90.6963 683.597
-7.56269 -90.7298 683.707
-7.04417 -90.7617 683.814
-6.52502 -90.792 683.918
-6.00527 -90.8207 684.019
-5.48497 -90.8477 684.116
-4.96414 -90.8732 684.211
-4.44283 -90.8971 684.303
-3.92108 -90.9193 684.391
-3.39893 -90.94 684.476
-2.87641 -90.959 684.558
-2.35356 -90.9764 684.638
-1.83042 -90.9922 684.714
-1.30703 -91.0064 684.786
-0.783434 -91.019 684.856
-0.259659 -91.0299 684.923
0.26425 -91.0392 684.986
0.788254 -91.0469 685.046
1.31232 -91.053 685.104
1.8364 -91.0574 685.157
2.36047 -91.0602 685.208
2.88448 -91.0614 685.256
3.40839 -91.061 685.3
3.93217 -91.059 685.342
4.45577 -91.0553 685.38
4.97916 -91.05 685.415
5.5023 -91.0431 685.447
6.02516 -91.0345 685.475
6.54768 -91.0244 685.501
7.06985 -91.0126 685.523
7.5916 -90.9992 685.542
8.11292 -90.9842 685.558
8.63375 -90.9675 685.57
9.15406 -90.9493 685.58
9.67382 -90.9294 685.586
10.193 -90.9079 685.589
10.7115 -90.8848 685.589
11.2294 -90.8601 685.586
11.7465 -90.8338 685.579
12.2629 -90.8058 685.569
12.7785 -90.7763 685.557
13.2933 -90.7452 685.541
13.8072 -90.7124 685.521
14.3203 -90.6781 685.499
14.8323 -90.6422 685.473
15.3435 -90.6047 685.444
15.8536 -90.5656 685.412
16.3626 -90.5249 685.377
16.8706 -90.4826 685.339
17.3774 -90.4387 685.297
17.8831 -90.3933 685.253
18.3876 -90.3463 685.205
18.8908 -90.2977 685.154
19.3928 -90.2475 685.099
19.8934 -90.1958 685.042
20.3927 -90.1425 684.982
20.8906 -90.0877 684.918
21.3871 -90.0313 684.851
#plane_8-cylinder_0
>points
-28.8716 -95.1009 668.761
-28.767 -95.1327 668.832
-28.6621 -95.1645 668.903
-28.5571 -95.1963 668.973
-28.4519 -95.2279 669.043
-28.3465 -95.2595 669.114
-28.241 -95.2909 669.184
-28.1352 -95.3223 669.254
-28.0292 -95.3536 669.324
-27.9231 -95.3849 669.393
-27.8168 -95.416 669.463
-27.7103 -95.4471 669.532
-27.6036 -95.4781 669.601
-27.4967 -95.509 669.67
-27.3897 -95.5398 669.739
-27.2824 -95.5705 669.808
-27.175 -95.6012 669.877
-27.0674 -95.6317 669.945
-26.9596 -95.6622 670.013
-26.8517 -95.6926 670.082
-26.7435 -95.7229 670.15
-26.6352 -95.7532 670.218
-26.5267 -95.7833 670.285
-26.418 -95.8134 670.353
-26.3092 -95.8433 670.42
-26.2001 -95.8732 670.488
-26.0909 -95.903 670.555
-25.9815 -95.9328 670.622
-25.872 -95.9624 670.689
-25.7622 -95.992 670.755
-25.6523 -96.0214 670.822
-25.5422 -96.0508 670.888
-25.432 -96.0801 670.954
-25.3216 -96.1093 671.02
-25.2109 -96.1384 671.086
-25.1002 -96.1675 671.152
-24.9892 -96.1964 671.218
-24.8781 -96.2253 671.283
-24.7668 -96.2541 671.348
-24.6553 -96.2827 671.413
-24.5437 -96.3114 671.478
-24.4319 -96.3399 671.543
-24.32 -96.3683 671.608
-24.2078 -96.3966 671.672
-24.0955 -96.4249 671.737
-23.9831 -96.4531 671.801
-23.8704 -96.4811 671.865
-23.7576 -96.5091 671.929
-23.6447 -96.537 671.993
-23.5315 -96.5649 672.056
-23.4182 -96.5926 672.12
-23.3048 -96.6202 672.183
-23.1912 -96.6478 672.246
-23.0774 -96.6752 672.309
-22.9635 -96.7026 672.372
-22.8494 -96.7299 672.434
-22.7351 -96.7571 672.497
-22.6207 -96.7842 672.559
-22.5061 -96.8112 672.621
-22.3914 -96.8382 672.683
-22.2765 -96.865 672.745
-22.1614 -96.8917 672.806
-22.0462 -96.9184 672.868
-21.9308 -96.945 672.929
-21.8153 -96.9714 672.99
-21.6996 -96.9978 673.051
-21.5838 -97.0241 673.112
-21.4678 -97.0503 673.173
-21.3516 -97.0765 673.233
-21.2354 -97.1025 673.294
-21.1189 -97.1284 673.354
-21.0023 -97.1543 673.414
-20.8856 -97.18 673.474
-20.7687 -97.2057 673.533
-20.6516 -97.2312 673.593
-20.5344 -97.2567 673.652
-20.417 -97.2821 673.711
-20.2995 -97.3074 673.77
-20.1819 -97.3326 673.829
-20.0641 -97.3577 673.888
-19.9462 -97.3827 673.946
-19.8281 -97.4077 674.004
-19.7098 -97.4325 674.063
-19.5915 -97.4572 674.121
-19.4729 -97.4819 674.178
-19.3543 -97.5065 674.236
-19.2355 -97.5309 674.293
-19.1165 -97.5553 674.351
-18.9974 -97.5796 674.408
-18.8782 -97.6038 674.465
-18.7588 -97.6278 674.522
-18.6393 -97.6518 674.578
-18.5196 -97.6758 674.635
-18.3998 -97.6996 674.691
-18.2799 -97.7233 674.747
-18.1598 -97.7469 674.803
-18.0396 -97.7704 674.859
-17.9193 -97.7939 674.914
-17.7988 -97.8172 674.97
-17.6781 -97.8405 675.025
#plane_9-cylinder_0
>points
-3.15355 -99.85 680.135
-2.89334 -99.873 680.201
-2.63288 -99.8956 680.266
-2.37219 -99.9178 680.331
-2.11127 -99.9395 680.395
-1.85011 -99.9609 680.458
-1.58873 -99.9819 680.52
-1.32713 -100.002 680.582
-1.06532 -100.023 680.642
-0.803297 -100.042 680.702
-0.541074 -100.062 680.761
-0.278646 -100.081 680.82
-0.0160294 -100.099 680.877
0.246777 -100.117 680.934
0.509772 -100.135 680.99
0.772945 -100.152 681.045
1.03629 -100.169 681.1
1.2998 -100.186 681.154
1.56349 -100.202 681.206
1.82732 -100.217 681.258
2.09132 -100.232 681.31
2.35546 -100.247 681.36
2.61975 -100.262 681.41
2.88418 -100.276 681.459
3.14874 -100.289 681.507
3.41343 -100.302 681.554
3.67825 -100.315 681.601
3.94318 -100.328 681.647
4.20823 -100.339 681.692
4.47339 -100.351 681.736
4.73865 -100.362 681.779
5.00401 -100.373 681.822
5.26947 -100.383 681.863
5.53502 -100.393 681.904
5.80065 -100.402 681.944
6.06635 -100.411 681.984
6.33214 -100.42 682.022
6.59799 -100.428 682.06
6.86391 -100.436 682.097
7.12988 -100.443 682.133
7.39591 -100.45 682.168
7.66199 -100.457 682.203
7.92811 -100.463 682.237
8.19427 -100.469 682.269
8.46047 -100.474 682.301
8.72669 -100.479 682.333
8.99294 -100.484 682.363
9.2592 -100.488 682.393
9.52549 -100.491 682.422
9.79178 -100.494 682.45
10.0581 -100.497 682.477
10.3244 -100.5 682.503
10.5906 -100.502 682.529
10.8569 -100.503 682.554
11.1232 -100.504 682.578
11.3894 -100.505 682.601
11.6556 -100.505 682.623
11.9218 -100.505 682.644
12.1879 -100.505 682.665
12.454 -100.504 682.685
12.7201 -100.502 682.704
12.9861 -100.501 682.722
13.252 -100.498 682.74
13.5179 -100.496 682.756
13.7837 -100.493 682.772
14.0495 -100.489 682.787
14.3151 -100.486 682.801
14.5807 -100.481 682.815
14.8462 -100.477 682.827
15.1116 -100.471 682.839
15.3769 -100.466 682.85
15.6422 -100.46 682.86
15.9073 -100.454 682.869
16.1722 -100.447 682.877
16.4371 -100.44 682.885
16.7019 -100.432 682.892
16.9665 -100.424 682.898
17.231 -100.416 682.903
17.4953 -100.407 682.907
17.7595 -100.398 682.91
18.0236 -100.388 682.913
18.2875 -100.378 682.915
18.5513 -100.367 682.916
18.8149 -100.356 682.916
19.0783 -100.345 682.916
19.3415 -100.333 682.914
19.6046 -100.321 682.912
19.8675 -100.309 682.909
20.1302 -100.296 682.905
20.3927 -100.282 682.9
20.655 -100.268 682.894
20.9172 -100.254 682.888
21.1791 -100.24 682.881
21.4408 -100.225 682.873
21.7022 -100.209 682.864
21.9635 -100.193 682.854
22.2245 -100.177 682.844
22.4853 -100.16 682.833
22.7459 -100.143 682.82
23.0062 -100.126 682.808
23.2663 -100.108 682.794
#plane_9-cylinder_0
>points
-28.0532 -136.108 748.922
-27.9299 -136.116 748.948
-27.8064 -136.124 748.974
-27.6831 -136.133 749
-27.5598 -136.141 749.026
-27.4363 -136.149 749.051
-27.313 -136.157 749.077
-27.1897 -136.165 749.103
-27.0664 -136.173 749.129
-26.9429 -136.181 749.155
-26.8196 -136.189 749.181
-26.6963 -136.197 749.206
-26.5728 -136.205 749.232
-26.4495 -136.213 749.258
-26.3262 -136.221 749.284
-26.2029 -136.23 749.31
-26.0793 -136.238 749.336
-25.9561 -136.246 749.362
-25.8328 -136.254 749.388
-25.7092 -136.262 749.413
-25.5859 -136.27 749.439
-25.4626 -136.278 749.465
-25.3394 -136.286 749.491
-25.2158 -136.294 749.517
-25.0925 -136.302 749.543
-24.9692 -136.31 749.568
-24.8457 -136.319 749.594
-24.7224 -136.327 749.62
-24.5991 -136.335 749.646
-24.4758 -136.343 749.672
-24.3523 -136.351 749.698
-24.229 -136.359 749.724
-24.1057 -136.367 749.749
-23.9822 -136.375 749.775
-23.8589 -136.383 749.801
-23.7356 -136.391 749.827
-23.6123 -136.399 749.853
-23.4888 -136.407 749.879
-23.3655 -136.416 749.905
-23.2422 -136.424 749.93
-23.1187 -136.432 749.956
-22.9954 -136.44 749.982
-22.8721 -136.448 750.008
-22.7488 -136.456 750.034
-22.6252 -136.464 750.06
-22.502 -136.472 750.086
-22.3787 -136.48 750.111
-22.2551 -136.488 750.137
-22.1318 -136.496 750.163
-22.0085 -136.504 750.189
-21.8853 -136.513 750.215
-21.7617 -136.521 750.241
-21.6384 -136.529 750.267
-21.5151 -136.537 750.292
-21.3916 -136.545 750.318
-21.2683 -136.553 750.344
-21.145 -136.561 750.37
-21.0217 -136.569 750.396
-20.8982 -136.577 750.422
-20.7749 -136.585 750.448
-20.6516 -136.593 750.473
-20.5281 -136.602 750.499
-20.4048 -136.61 750.525
-20.2815 -136.618 750.551
-20.1582 -136.626 750.577
-20.0347 -136.634 750.603
-19.9114 -136.642 750.629
-19.7881 -136.65 750.654
-19.6646 -136.658 750.68
-19.5413 -136.666 750.706
-19.418 -136.674 750.732
-19.2947 -136.682 750.758
-19.1711 -136.69 750.784
-19.0479 -136.699 750.81
-18.9246 -136.707 750.835
-18.801 -136.715 750.861
-18.6777 -136.723 750.887
-18.5544 -136.731 750.913
-18.4312 -136.739 750.939
-18.3076 -136.747 750.965
-18.1843 -136.755 750.991
-18.061 -136.763 751.016
-17.9375 -136.771 751.042
-17.8142 -136.779 751.068
-17.6909 -136.787 751.094
-17.5676 -136.796 751.12
-17.4441 -136.804 751.146
-17.3208 -136.812 751.172
-17.1975 -136.82 751.197
-17.074 -136.828 751.223
-16.9507 -136.836 751.249
-16.8274 -136.844 751.275
-16.7041 -136.852 751.301
-16.5806 -136.86 751.327
-16.4573 -136.868 751.353
-16.334 -136.876 751.378
-16.2104 -136.885 751.404
-16.0872 -136.893 751.43
-15.9639 -136.901 751.456
-15.8406 -136.909 751.482
#plane_9-plane_12
