>property
-0.616697 0.633323 -0.467533
>points
57.804 -30.4712 622.94
53.4358 -10.7723 655.405
85.1311 13.4408 646.439
95.4846 4.45658 620.527
71.4338 -2.32113 642.728
65.2264 -4.32713 648.535
74.4336 -10.151 628.459
75.1234 -17.6711 617.376
66.0811 -18.8902 627.63
59.8622 -18.3814 636.567
83.3641 2.64956 634.036
77.7536 -2.45699 634.531
#plane_0
>property
0.618247 -0.631915 0.467391
>points
74.2811 -2.66601 659.657
97.5987 -11.1433 617.361
66.712 -34.6647 626.366
47.0486 -27.1881 662.531
79.8454 -4.91763 649.214
85.804 -21.997 618.244
67.9482 -14.831 651.526
78.1584 -6.24321 649.632
#plane_1
>property
-0.272167 0.375978 0.885757
>points
78.8248 -31.9944 655.37
101.945 -5.0203 651.047
87.5369 -20.6327 653.273
96.9373 -26.7263 658.751
84.4017 -19.232 651.706
106.932 -14.9543 656.789
94.7116 -29.9761 659.439
89.7376 -16.8218 652.343
#plane_2
>property
0.272938 -0.377065 -0.885057
>points
100.259 -20.2111 643.551
79.2875 -29.3596 640.98
93.2932 -32.3032 646.568
91.7776 -15.8678 639.097
88.0854 -26.1784 642.354
92.3513 -27.6296 644.284
95.8413 -20.8448 642.47
86.719 -22.8586 640.523
92.2349 -26.1979 643.639
#plane_3
>property
0.795397 0.606033 -0.00822174
>points
99.7388 14.601 640.389
108.158 3.51418 609.881
95.3456 21.0867 660.764
92.3138 25.1933 658.087
106.442 6.27103 624.311
106.536 6.01791 621.878
97.3792 18.3557 648.345
95.1766 21.3304 649.483
105.139 7.93645 627.507
#plane_4
>property
-0.0396302 0.88849 0.457182
>points
-3.07303 -113.091 727.619
-36.6779 -119.532 737.204
-33.2461 -94.2404 688.388
3.21857 -125.012 751.353
11.2699 -101.773 706.85
#plane_5
>property
0.0337589 -0.889625 -0.455443
>points
-39.9922 -129.58 734.99
-30.7022 -104.361 686.715
7.39066 -132.799 745.358
1.6994 -119.023 717.981
3.80594 -111.42 703.327
-29.5746 -120.01 717.212
-31.7926 -114.754 706.781
-9.05444 -120.239 715.397
#plane_6
>property
-0.978145 -0.00108826 -0.207919
>points
-26.7267 -153.501 741.814
-14.9561 -111.609 686.29
-26.8391 -143.66 742.407
-20.7325 -130.26 713.495
-20.0097 -134.017 710.141
-20.7557 -132.459 713.561
-16.348 -116.752 692.914
-21.6564 -138.917 717.987
-20.9311 -131.07 714.242
-20.5583 -132.894 712.711
-22.7271 -141.239 723.091
#plane_7
>property
0.978501 0.000191874 0.206243
>points
-10.9978 -134.615 724.49
-2.80319 -138.199 685.723
-4.21979 -121.204 692.448
-15.2665 -157.346 744.919
-15.6301 -148.206 746.657
-7.16745 -125.833 706.509
-5.94528 -129.112 700.724
#plane_8
>property
-0.205949 -0.520964 0.828361
>points
4.65277 -135.896 757.352
-48.5576 -132.631 746.161
-28.5196 -128.508 753.719
-8.35944 -130.825 757.328
-3.75027 -134.412 756.268
-20.3186 -131.647 753.937
-33.0411 -130.229 751.595
-36.2856 -130.087 750.929
-39.5395 -132.711 748.429
#plane_9
>property
-0.87163 0.154166 0.465289
>points
-30.1995 -106.126 597.892
-51.1792 -114.703 563.271
-58.0208 -71.552 534.231
-45.1346 -76.2107 562.547
-38.8258 -81.2463 575.203
-48.1538 -116.391 569.069
-45.1723 -91.2592 566.957
#plane_10
>property
0.861099 -0.143416 -0.487792
>points
-25.4535 -62.946 573.274
-45.5948 -72.2267 540.508
-23.1479 -109.312 590.998
-30.9056 -108.752 577.123
-36.692 -109.643 567.18
-45.3051 -109.432 551.83
-34.1792 -77.9162 562.208
-36.3648 -72.1693 556.68
-42.4344 -89.5968 551.174
#plane_11
>property
-0.032868 0.958479 -0.283263
>points
2.21567 -85.2826 573.96
-4.65881 -82.0188 585.756
-36.7198 -94.2502 548.083
-35.8741 -99.3566 530.593
-49.1338 -100.099 529.883
-25.3165 -88.8126 565.18
-15.7072 -92.4729 551.748
-19.4968 -94.3068 545.97
-19.1986 -90.1213 560.094
-18.5651 -88.4119 565.784
-32.0375 -92.995 551.827
#plane_12
>property
0.0319252 -0.958688 0.282663
>points
-26.547 -109.093 538.288
-39.5372 -106.391 548.914
-18.4793 -101.535 563.01
-29.0676 -108.046 542.098
-20.8827 -105.093 551.168
-30.44 -103.023 559.298
-35.381 -105.63 550.993
-28.7761 -105.353 551.203
-30.0845 -105.043 552.396
#plane_13
>property
-0.459796 -0.265948 -0.847266
>points
-59.862 -82.816 525.142
-60.8135 -131.537 540.885
-63.3543 -105.392 534.13
-62.2753 -98.5242 531.345
-61.5706 -92.343 528.963
-61.6046 -119.37 537.518
-60.414 -92.967 528.562
-63.1652 -91.887 529.69
-61.1875 -121.407 537.928
-63.0303 -119.659 538.384
#plane_14
>property
-0.584494 0.709513 -0.393646
>points
103.587 10.2535 640.176
104.633 9.6422 636.453
109.219 15.29 639.116
112.991 18.4933 640.636
114.387 17.4619 637.473
110.28 17.7016 642.163
109.294 16.0291 640.447
106.974 13.1638 639.448
108.652 13.7509 637.321
111.456 15.851 636.652
#plane_15
>property
-0.145324 0.872796 0.465948
>points
-23.5818 -138.608 753.48
-23.2958 -140.203 756.686
-27.41 -138.772 752.42
-22.8063 -137.16 750.776
-25.1548 -141.999 758.987
-20.8165 -138.392 753.633
#plane_16
>property
-0.85989 0.148646 0.488359
>points
-58.9176 -109.999 528.287
-61.9447 -108.192 522.372
-58.9753 -104.467 526.508
-57.8004 -107.638 529.568
-60.2645 -109.84 525.877
-59.9837 -107.364 525.674
-60.908 -108.488 524.449
#plane_17
>property
>points
30.0798 -27.9102 663.466
39.856 -38.5743 635.889
42.9934 -50.1896 616.15
#reference_0
>property
>points
34.3653 -36.796 666.117
44.1689 -41.3635 647.014
39.2251 -39.0635 656.762
#reference_1
>property
>points
45.6992 -44.9007 641.174
51.6774 -56.2234 617.16
50.312 -51.065 628.768
#reference_2
>property
>points
48.3715 -39.1034 648.735
103.178 11.2174 644.129
75.7701 -15.5927 647.666
#reference_3
>property
>points
105.311 8.32974 633.264
45.6992 -44.9007 641.174
77.5419 -18.5924 635.909
#reference_4
>property
>points
47.5657 -45.1908 651.429
59.3829 -63.2573 662.877
52.6903 -52.6356 656.143
#reference_5
>property
>points
64.4167 -71.329 654.698
51.1978 -44.7999 639.01
54.6461 -58.5345 645.373
#reference_6
>property
>points
102.825 10.8916 637.2
104.049 9.66688 634.822
101.309 12.2854 642.611
104.661 6.09491 633.8
#reference_7
>property
>points
-30.4686 -88.5517 677.533
-5.7713 -91.3176 684.952
22.9024 -91.6709 686.976
#reference_8
>property
>points
-32.0889 -96.4516 671.177
-18.9314 -98.6486 676.758
#reference_9
>property
>points
23.6655 -100.784 684.294
-3.66956 -100.393 681.433
10.1607 -100.971 683.55
#reference_10
>property
>points
-13.9605 -102.671 681.527
-27.0132 -136.575 747.989
#reference_11
>property
>points
-19.6746 -135.702 751.265
-3.13165 -104.607 687.317
#reference_12
>property
>points
-9.30209 -127.599 659.507
-12.3617 -106.414 673.821
#reference_13
>property
>points
6.4527 -130.138 663.996
-2.18109 -103.507 682.065
-0.0279846 -115.897 672.507
#reference_14
>property
>points
-27.6653 -136.5 746.949
-15.7582 -137.598 751.462
#reference_15
>property
>points
-22.6611 -60.1977 597.89
-21.7753 -108.086 613.437
-23.7134 -92.2269 605.507
#reference_16
>property
>points
-14.821 -59.3836 591.44
-15.8178 -77.6537 595.068
#reference_17
>property
>points
-14.2277 -112.157 607.797
-16.2528 -89.7154 597.629
#reference_18
>property
>points
-16.1675 -90.4114 598.089
-56.8227 -105.189 531.068
#reference_19
>property
>points
-55.5444 -113.087 533.045
-14.225 -91.8336 594.752
-16.7851 -91.2326 597.062
#reference_20
>property
>points
16.1068 -82.3376 583.057
-11.708 -80.2727 593.15
#reference_21
>property
>points
13.0441 -95.9261 586.968
-14.3154 -91.2195 596.448
-11.6879 -91.3522 595.887
#reference_22
>property
>points
-55.2312 -100.289 529.726
-57.7616 -111.943 532.839
#reference_23
>property
>points
-44.2519 -86.9672 633.932
26.6659 -26.7943 653.281
24.5603 -32.021 621.325
-42.7746 -90.6952 644.463
-16.4947 -78.5695 687.019
16.5608 -56.757 686.053
30.9777 -46.0268 671.496
30.4119 -30.7592 650.873
30.6486 -32.3787 631.943
23.1877 -35.4197 615.667
11.9581 -45.6025 601.76
-3.75415 -60.642 595.394
4.48398 -51.6789 597.678
-28.7579 -83.8017 608.362
-39.8132 -87.7051 624.799
-40.2117 -88.2183 663.095
-33.9632 -84.2743 675.293
-15.1822 -74.8287 688.939
-3.09274 -66.6775 691.442
18.0872 -49.949 683.851
28.2453 -42.3338 671.943
-20.0126 -23.7405 609.104
-55.3579 -61.7376 632.776
-28.3119 -54.0645 690.194
25.5269 -28.4739 660.864
24.8283 -28.4274 662.357
20.8351 -24.2874 664.363
20.6729 -19.2565 651.706
27.0255 -26.9267 652.32
31.3796 -31.685 637.194
24.6347 -23.5118 643.762
16.0822 -13.9227 651.869
13.6465 -11.486 654.939
15.1397 -17.0385 664.856
13.9396 -19.0067 669.937
13.6965 -21.5405 673.007
17.8656 -26.8863 672.264
-51.4742 -79.8213 655.961
-56.2075 -75.5135 647.512
-52.7115 -79.162 643.323
-54.1907 -77.4306 643.448
-58.0417 -72.7026 642.544
-59.3349 -71.447 643.96
-52.2544 -78.673 657.196
-41.9147 -91.6673 644.133
-37.7227 -93.0734 658.158
-30.2529 -72.056 605.135
-32.6368 -57.3478 603.521
-36.1571 -50.7901 604.368
-53.4494 -62.2115 619.755
-57.5032 -73.8298 645.634
18.0674 -20.2459 663.744
16.6664 -17.9996 663.104
15.591 -14.6376 658.306
13.0597 -12.7932 661.847
21.2117 -20.578 655.148
21.7641 -20.2131 647.995
22.2378 -21.5695 654.141
19.1955 -18.9046 657.833
18.9008 -17.9468 655.663
18.2358 -16.3161 651.008
17.4458 -16.3218 656.247
19.3521 -23.9018 666.678
27.5179 -28.0086 653.704
-42.0025 -70.606 682.064
-39.7884 -79.3479 675.542
-37.2347 -78.9757 677.918
-35.5193 -80.3456 677.848
-33.1195 -88.8037 671.259
-28.692 -84.6356 678.594
-45.8535 -68.7688 681.012
-10.4599 -55.1846 694.334
-11.5218 -57.7836 694.004
50.3684 -81.8044 600.93
55.9714 -95.1741 665.534
11.4814 -130.808 652.38
18.0651 -108.201 593.252
-4.04861 -122.86 607.754
36.7982 -74.1287 593.579
58.8763 -80.4675 664.339
31.5086 -109.572 679.546
6.4527 -130.138 663.996
-6.69666 -130.397 625.44
26.4895 -65.9326 682.548
-28.7061 -105.701 647.84
15.8573 -57.2044 596.992
43.1263 -50.8822 659.113
6.8053 -13.0614 655.245
0.113098 -26.2573 680.862
-35.2157 -38.0735 612.207
-15.8372 -43.3821 691.448
-3.38269 -13.4825 624.95
-47.961 -66.4309 672.429
#cylinder_0