>points
27.9951 -31.4707 661.68
28.2431 -31.539 661.249
28.4893 -31.6101 660.817
28.7337 -31.684 660.383
28.9763 -31.7605 659.949
29.217 -31.8399 659.513
29.4558 -31.922 659.075
29.6927 -32.0068 658.637
29.9278 -32.0943 658.197
30.1609 -32.1846 657.756
30.3921 -32.2776 657.314
30.6213 -32.3733 656.871
30.8486 -32.4717 656.426
31.0738 -32.5728 655.981
31.2971 -32.6766 655.535
31.5184 -32.783 655.088
31.7376 -32.8922 654.639
31.9547 -33.004 654.19
32.1699 -33.1185 653.74
32.3829 -33.2356 653.289
32.5938 -33.3554 652.838
32.8026 -33.4778 652.385
33.0093 -33.6028 651.932
33.2139 -33.7305 651.478
33.4163 -33.8607 651.023
33.6165 -33.9936 650.568
33.8146 -34.129 650.112
34.0104 -34.267 649.656
34.2041 -34.4076 649.199
34.3955 -34.5508 648.741
34.5847 -34.6965 648.283
34.7716 -34.8447 647.824
34.9563 -34.9955 647.365
35.1387 -35.1488 646.906
35.3188 -35.3046 646.446
35.4966 -35.4629 645.986
35.672 -35.6237 645.526
35.8452 -35.7869 645.065
36.016 -35.9526 644.604
36.1845 -36.1208 644.143
36.3506 -36.2914 643.682
36.5143 -36.4644 643.221
36.6756 -36.6399 642.759
36.8345 -36.8177 642.298
36.9911 -36.998 641.836
37.1452 -37.1806 641.375
37.2968 -37.3655 640.913
37.446 -37.5529 640.452
37.5928 -37.7425 639.99
37.7371 -37.9345 639.529
37.8789 -38.1288 639.068
38.0183 -38.3254 638.607
38.1551 -38.5243 638.146
38.2895 -38.7254 637.686
38.4213 -38.9288 637.226
38.5506 -39.1344 636.766
38.6774 -39.3423 636.306
38.8016 -39.5523 635.847
38.9233 -39.7646 635.389
39.0424 -39.979 634.93
39.159 -40.1956 634.473
39.2729 -40.4144 634.016
39.3843 -40.6353 633.559
39.4931 -40.8583 633.103
39.5993 -41.0834 632.647
39.7029 -41.3106 632.193
39.8039 -41.5398 631.738
39.9023 -41.7712 631.285
39.998 -42.0045 630.832
40.0911 -42.2399 630.38
40.1815 -42.4773 629.929
40.2694 -42.7166 629.479
40.3545 -42.958 629.03
40.437 -43.2013 628.581
40.5168 -43.4465 628.134
40.594 -43.6936 627.687
40.6684 -43.9427 627.242
40.7402 -44.1936 626.797
40.8093 -44.4464 626.354
40.8757 -44.701 625.911
40.9394 -44.9575 625.47
41.0004 -45.2158 625.03
41.0587 -45.4758 624.591
41.1143 -45.7377 624.154
41.1672 -46.0013 623.717
41.2174 -46.2666 623.282
41.2648 -46.5337 622.848
41.3095 -46.8024 622.416
41.3515 -47.0728 621.985
41.3907 -47.3449 621.555
41.4272 -47.6187 621.127
41.461 -47.894 620.7
41.4921 -48.171 620.275
41.5204 -48.4495 619.851
41.5459 -48.7296 619.429
41.5687 -49.0113 619.008
41.5888 -49.2945 618.589
41.6061 -49.5791 618.172
41.6206 -49.8653 617.756
41.6325 -50.1529 617.342
41.6415 -50.442 616.93
#plane_0-cylinder_0
>points
32.7609 -39.7966 664.239
32.8705 -39.8119 664.073
32.9799 -39.8277 663.907
33.089 -39.844 663.74
33.1978 -39.8607 663.574
33.3064 -39.8778 663.407
33.4148 -39.8955 663.24
33.5229 -39.9135 663.072
33.6307 -39.9321 662.905
33.7383 -39.951 662.737
33.8456 -39.9705 662.568
33.9526 -39.9904 662.4
34.0594 -40.0107 662.231
34.1659 -40.0315 662.062
34.2722 -40.0528 661.893
34.3781 -40.0745 661.723
34.4839 -40.0966 661.553
34.5893 -40.1192 661.383
34.6945 -40.1423 661.213
34.7994 -40.1658 661.042
34.904 -40.1898 660.871
35.0083 -40.2142 660.7
35.1124 -40.2391 660.529
35.2162 -40.2644 660.357
35.3197 -40.2902 660.185
35.4229 -40.3164 660.013
35.5259 -40.3431 659.841
35.6286 -40.3702 659.668
35.731 -40.3978 659.496
35.8331 -40.4258 659.323
35.9349 -40.4543 659.149
36.0364 -40.4832 658.976
36.1377 -40.5126 658.802
36.2386 -40.5424 658.628
36.3393 -40.5727 658.454
36.4396 -40.6034 658.28
36.5397 -40.6345 658.105
36.6395 -40.6662 657.93
36.739 -40.6982 657.755
36.8382 -40.7307 657.58
36.9371 -40.7637 657.405
37.0357 -40.797 657.229
37.134 -40.8309 657.053
37.232 -40.8652 656.877
37.3297 -40.8999 656.701
37.4271 -40.9351 656.524
37.5242 -40.9707 656.348
37.621 -41.0067 656.171
37.7174 -41.0432 655.994
37.8136 -41.0802 655.816
37.9095 -41.1175 655.639
38.005 -41.1554 655.461
38.1003 -41.1936 655.283
38.1952 -41.2323 655.105
38.2898 -41.2715 654.927
38.3841 -41.3111 654.749
38.4781 -41.3511 654.57
38.5718 -41.3915 654.392
38.6651 -41.4324 654.213
38.7582 -41.4738 654.034
38.8509 -41.5155 653.854
38.9433 -41.5578 653.675
39.0354 -41.6004 653.495
39.1271 -41.6435 653.316
39.2186 -41.687 653.136
39.3097 -41.7309 652.956
39.4005 -41.7753 652.775
39.4909 -41.8202 652.595
39.581 -41.8654 652.414
39.6708 -41.9111 652.234
39.7603 -41.9572 652.053
39.8495 -42.0038 651.872
39.9383 -42.0507 651.691
40.0267 -42.0981 651.51
40.1149 -42.146 651.328
40.2027 -42.1942 651.147
40.2901 -42.2429 650.965
40.3773 -42.2921 650.783
40.4641 -42.3416 650.601
40.5505 -42.3916 650.419
40.6367 -42.442 650.237
40.7224 -42.4928 650.055
40.8079 -42.5441 649.872
40.893 -42.5958 649.69
40.9777 -42.6479 649.507
41.0621 -42.7004 649.324
41.1462 -42.7534 649.141
41.2299 -42.8068 648.958
41.3132 -42.8606 648.775
41.3962 -42.9148 648.592
41.4789 -42.9694 648.408
41.5612 -43.0245 648.225
41.6432 -43.08 648.041
41.7248 -43.1359 647.857
41.8061 -43.1922 647.674
41.887 -43.2489 647.49
41.9675 -43.3061 647.306
42.0477 -43.3636 647.122
42.1275 -43.4216 646.937
42.207 -43.48 646.753
#plane_1-cylinder_0
>points
44.4039 -45.404 641.24
44.4901 -45.4939 641.004
44.5758 -45.5844 640.768
44.6608 -45.6756 640.532
44.7452 -45.7674 640.296
44.829 -45.8598 640.06
44.9121 -45.9528 639.824
44.9946 -46.0464 639.588
45.0765 -46.1407 639.352
45.1578 -46.2356 639.116
45.2384 -46.3311 638.88
45.3184 -46.4272 638.644
45.3978 -46.5239 638.408
45.4765 -46.6212 638.172
45.5546 -46.7192 637.936
45.632 -46.8177 637.7
45.7089 -46.9169 637.464
45.785 -47.0166 637.228
45.8605 -47.117 636.992
45.9354 -47.218 636.756
46.0096 -47.3195 636.52
46.0832 -47.4217 636.284
46.1562 -47.5244 636.049
46.2284 -47.6277 635.813
46.3001 -47.7317 635.578
46.371 -47.8362 635.342
46.4414 -47.9413 635.107
46.511 -48.047 634.871
46.58 -48.1532 634.636
46.6484 -48.2601 634.401
46.7161 -48.3675 634.166
46.7831 -48.4755 633.931
46.8495 -48.5841 633.696
46.9152 -48.6932 633.461
46.9802 -48.8029 633.226
47.0446 -48.9132 632.992
47.1083 -49.0241 632.757
47.1713 -49.1355 632.523
47.2337 -49.2475 632.288
47.2954 -49.36 632.054
47.3564 -49.4731 631.82
47.4168 -49.5867 631.586
47.4765 -49.7009 631.353
47.5355 -49.8157 631.119
47.5938 -49.931 630.886
47.6515 -50.0469 630.652
47.7085 -50.1633 630.419
47.7648 -50.2802 630.186
47.8204 -50.3977 629.954
47.8753 -50.5157 629.721
47.9296 -50.6343 629.489
47.9831 -50.7533 629.256
48.036 -50.873 629.024
48.0882 -50.9931 628.792
48.1397 -51.1138 628.561
48.1906 -51.235 628.329
48.2407 -51.3567 628.098
48.2901 -51.479 627.867
48.3389 -51.6018 627.636
48.387 -51.7251 627.405
48.4344 -51.8489 627.175
48.481 -51.9732 626.945
48.527 -52.098 626.715
48.5723 -52.2233 626.485
48.6169 -52.3492 626.255
48.6608 -52.4755 626.026
48.7041 -52.6023 625.797
48.7466 -52.7297 625.568
48.7884 -52.8575 625.34
48.8295 -52.9858 625.111
48.8699 -53.1146 624.883
48.9096 -53.2439 624.655
48.9486 -53.3737 624.428
48.987 -53.504 624.201
49.0246 -53.6348 623.974
49.0615 -53.766 623.747
49.0977 -53.8977 623.521
49.1332 -54.0299 623.295
49.168 -54.1626 623.069
49.202 -54.2957 622.843
49.2354 -54.4293 622.618
49.2681 -54.5633 622.393
49.3001 -54.6978 622.169
49.3313 -54.8328 621.944
49.3619 -54.9683 621.72
49.3917 -55.1042 621.497
49.4208 -55.2405 621.273
49.4492 -55.3773 621.05
49.4769 -55.5145 620.828
49.5039 -55.6522 620.606
49.5302 -55.7903 620.384
49.5558 -55.9289 620.162
49.5806 -56.0679 619.941
49.6048 -56.2073 619.72
49.6282 -56.3472 619.499
49.6509 -56.4875 619.279
49.6729 -56.6282 619.059
49.6942 -56.7694 618.84
49.7147 -56.9109 618.621
49.7346 -57.0529 618.402
49.7537 -57.1953 618.184
#plane_1-cylinder_0
>points
101.951 12.5127 643.62
101.403 12.0103 643.665
100.854 11.5078 643.709
100.306 11.0054 643.753
99.7578 10.5029 643.797
99.2095 10.0005 643.842
98.6611 9.49756 643.886
98.1128 8.99512 643.93
97.5645 8.49268 643.974
97.0161 7.99023 644.019
96.4678 7.48779 644.063
95.9189 6.98535 644.107
95.3706 6.48291 644.152
94.8223 5.98047 644.196
94.2739 5.47803 644.24
93.7256 4.97559 644.284
93.1772 4.47314 644.329
92.6289 3.97021 644.373
92.0806 3.46777 644.417
91.5322 2.96533 644.461
90.9839 2.46289 644.506
90.4355 1.96045 644.55
89.8872 1.45801 644.594
89.3389 0.955566 644.638
88.79 0.453125 644.683
88.2417 -0.0493164 644.727
87.6934 -0.551758 644.771
87.145 -1.05469 644.815
86.5967 -1.55713 644.86
86.0483 -2.05957 644.904
85.5 -2.56201 644.948
84.9517 -3.06445 644.993
84.4033 -3.56689 645.037
83.855 -4.06934 645.081
83.3066 -4.57178 645.125
82.7583 -5.07422 645.17
82.21 -5.57666 645.214
81.6616 -6.07959 645.258
81.1128 -6.58203 645.302
80.5645 -7.08447 645.347
80.0161 -7.58691 645.391
79.4678 -8.08936 645.435
78.9194 -8.5918 645.479
78.3711 -9.09424 645.524
77.8228 -9.59668 645.568
77.2744 -10.0991 645.612
76.7261 -10.6016 645.657
76.1777 -11.104 645.701
75.6294 -11.6069 645.745
75.0811 -12.1094 645.789
74.5327 -12.6118 645.834
73.9839 -13.1143 645.878
73.4355 -13.6167 645.922
72.8872 -14.1191 645.966
72.3389 -14.6216 646.011
71.7905 -15.124 646.055
71.2422 -15.6265 646.099
70.6938 -16.1289 646.143
70.1455 -16.6318 646.188
69.5972 -17.1343 646.232
69.0488 -17.6367 646.276
68.5005 -18.1392 646.321
67.9521 -18.6416 646.365
67.4038 -19.144 646.409
66.855 -19.6465 646.453
66.3066 -20.1489 646.498
65.7583 -20.6514 646.542
65.21 -21.1538 646.586
64.6616 -21.6562 646.63
64.1133 -22.1592 646.675
63.5649 -22.6616 646.719
63.0166 -23.1641 646.763
62.4683 -23.6665 646.807
61.9199 -24.1689 646.852
61.3716 -24.6714 646.896
60.8232 -25.1738 646.94
60.2749 -25.6763 646.985
59.7261 -26.1787 647.029
59.1777 -26.6812 647.073
58.6294 -27.1841 647.117
58.0811 -27.6865 647.162
57.5327 -28.189 647.206
56.9844 -28.6914 647.25
56.436 -29.1938 647.294
55.8877 -29.6963 647.339
55.3394 -30.1987 647.383
54.791 -30.7012 647.427
54.2427 -31.2036 647.471
53.6943 -31.7061 647.516
53.146 -32.209 647.56
52.5977 -32.7114 647.604
52.0488 -33.2139 647.649
51.5005 -33.7163 647.693
50.9521 -34.2188 647.737
50.4038 -34.7212 647.781
49.8555 -35.2236 647.826
49.3071 -35.7261 647.87
48.7588 -36.2285 647.914
48.2104 -36.731 647.958
47.6621 -37.2334 648.003
47.1138 -37.7363 648.047
#plane_1-plane_5
>points
105.468 8.13916 633.044
104.876 7.59814 633.093
104.286 7.05762 633.142
103.694 6.5166 633.191
103.103 5.97559 633.24
102.512 5.43506 633.288
101.921 4.89404 633.337
101.33 4.35352 633.386
100.739 3.8125 633.435
100.147 3.27148 633.484
99.5562 2.73096 633.533
98.9648 2.18994 633.582
98.374 1.64941 633.631
97.7827 1.1084 633.68
97.1914 0.567383 633.728
96.6006 0.0268555 633.777
96.0093 -0.51416 633.826
95.418 -1.05518 633.875
94.8271 -1.5957 633.924
94.2358 -2.13672 633.973
93.6445 -2.67725 634.022
93.0537 -3.21826 634.071
92.4624 -3.75928 634.12
91.8711 -4.2998 634.168
91.2798 -4.84082 634.217
90.689 -5.38135 634.266
90.0977 -5.92236 634.315
89.5063 -6.46338 634.364
88.9155 -7.00391 634.413
88.3242 -7.54492 634.462
87.7329 -8.08594 634.511
87.1421 -8.62646 634.56
86.5508 -9.16748 634.608
85.9595 -9.70801 634.657
85.3682 -10.249 634.706
84.7773 -10.79 634.755
84.186 -11.3306 634.804
83.5947 -11.8716 634.853
83.0039 -12.4126 634.902
82.4126 -12.9531 634.951
81.8213 -13.4941 635
81.2305 -14.0347 635.048
80.6392 -14.5757 635.097
80.0479 -15.1167 635.146
79.4565 -15.6572 635.195
78.8657 -16.1982 635.244
78.2744 -16.7388 635.293
77.6831 -17.2798 635.342
77.0923 -17.8208 635.391
76.501 -18.3613 635.44
75.9097 -18.9023 635.488
75.3188 -19.4434 635.537
74.7275 -19.9839 635.586
74.1362 -20.5249 635.635
73.5449 -21.0654 635.684
72.9541 -21.6064 635.733
72.3628 -22.1475 635.782
71.7715 -22.688 635.831
71.1807 -23.229 635.88
70.5894 -23.77 635.928
69.998 -24.3105 635.977
69.4072 -24.8516 636.026
68.8159 -25.3921 636.075
68.2246 -25.9331 636.124
67.6333 -26.4741 636.173
67.0425 -27.0146 636.222
66.4512 -27.5557 636.271
65.8599 -28.0962 636.32
65.269 -28.6372 636.368
64.6777 -29.1782 636.417
64.0864 -29.7188 636.466
63.4956 -30.2598 636.515
62.9043 -30.8008 636.564
62.313 -31.3413 636.613
61.7222 -31.8823 636.662
61.1309 -32.4229 636.711
60.5396 -32.9639 636.76
59.9482 -33.5049 636.808
59.3574 -34.0454 636.857
58.7661 -34.5864 636.906
58.1748 -35.1274 636.955
57.584 -35.668 637.004
56.9927 -36.209 637.053
56.4014 -36.7495 637.102
55.8105 -37.2905 637.151
55.2192 -37.8315 637.2
54.6279 -38.3721 637.248
54.0366 -38.9131 637.297
53.4458 -39.4536 637.346
52.8545 -39.9946 637.395
52.2632 -40.5356 637.444
51.6724 -41.0762 637.493
51.0811 -41.6172 637.542
50.4897 -42.1582 637.591
49.8989 -42.6987 637.64
49.3076 -43.2397 637.689
48.7163 -43.7803 637.737
48.125 -44.3213 637.786
47.5342 -44.8623 637.835
46.9429 -45.4028 637.884
#plane_1-plane_6
>points
105.21 7.97693 633.164
105.179 8.01886 633.262
105.149 8.06079 633.359
105.118 8.10272 633.457
105.087 8.14465 633.554
105.056 8.18658 633.652
105.026 8.22855 633.749
104.995 8.27048 633.847
104.964 8.31241 633.945
104.933 8.35434 634.042
104.902 8.39627 634.14
104.872 8.4382 634.237
104.841 8.48013 634.335
104.81 8.52206 634.432
104.779 8.564 634.53
104.748 8.60593 634.627
104.718 8.64786 634.725
104.687 8.68979 634.822
104.656 8.73175 634.92
104.625 8.77368 635.018
104.595 8.81561 635.115
104.564 8.85754 635.213
104.533 8.89948 635.31
104.502 8.94141 635.408
104.471 8.98334 635.505
104.441 9.02527 635.603
104.41 9.0672 635.7
104.379 9.10913 635.798
104.348 9.15106 635.895
104.318 9.19299 635.993
104.287 9.23495 636.091
104.256 9.27689 636.188
104.225 9.31882 636.286
104.194 9.36075 636.383
104.164 9.40268 636.481
104.133 9.44461 636.578
104.102 9.48654 636.676
104.071 9.52847 636.773
104.041 9.5704 636.871
104.01 9.61234 636.968
103.979 9.65427 637.066
103.948 9.69623 637.164
103.917 9.73816 637.261
103.887 9.78009 637.359
103.856 9.82202 637.456
103.825 9.86395 637.554
103.794 9.90588 637.651
103.763 9.94781 637.749
103.733 9.98975 637.846
103.702 10.0317 637.944
103.671 10.0736 638.041
103.64 10.1155 638.139
103.61 10.1575 638.236
103.579 10.1994 638.334
103.548 10.2414 638.432
103.517 10.2833 638.529
103.486 10.3252 638.627
103.456 10.3672 638.724
103.425 10.4091 638.822
103.394 10.451 638.919
103.363 10.493 639.017
103.333 10.5349 639.114
103.302 10.5768 639.212
103.271 10.6187 639.309
103.24 10.6607 639.407
103.209 10.7026 639.505
103.179 10.7446 639.602
103.148 10.7865 639.7
103.117 10.8284 639.797
103.086 10.8704 639.895
103.055 10.9123 639.992
103.025 10.9542 640.09
102.994 10.9962 640.187
102.963 11.0381 640.285
102.932 11.08 640.382
102.902 11.1219 640.48
102.871 11.1639 640.578
102.84 11.2058 640.675
102.809 11.2478 640.773
102.778 11.2897 640.87
102.748 11.3316 640.968
102.717 11.3736 641.065
102.686 11.4155 641.163
102.655 11.4574 641.26
102.625 11.4994 641.358
102.594 11.5413 641.455
102.563 11.5832 641.553
102.532 11.6252 641.651
102.501 11.6671 641.748
102.471 11.709 641.846
102.44 11.751 641.943
102.409 11.7929 642.041
102.378 11.8348 642.138
102.348 11.8768 642.236
102.317 11.9187 642.333
102.286 11.9606 642.431
102.255 12.0026 642.528
102.224 12.0445 642.626
102.194 12.0864 642.724
102.163 12.1284 642.821
102.132 12.1703 642.919
#plane_1-plane_4
>points
-14.0905 -101.356 682.184
-14.2301 -101.7 682.845
-14.3697 -102.044 683.505
-14.5093 -102.387 684.165
-14.649 -102.731 684.825
-14.7886 -103.075 685.485
-14.9282 -103.419 686.146
-15.0678 -103.763 686.806
-15.2075 -104.107 687.466
-15.3471 -104.451 688.126
-15.4867 -104.794 688.786
-15.6263 -105.138 689.447
-15.766 -105.482 690.107
-15.9056 -105.826 690.767
-16.0452 -106.17 691.427
-16.1848 -106.514 692.087
-16.3245 -106.857 692.748
-16.4641 -107.201 693.408
-16.6037 -107.545 694.068
-16.7433 -107.889 694.728
-16.883 -108.233 695.388
-17.0226 -108.577 696.049
-17.1622 -108.921 696.709
-17.3018 -109.264 697.369
-17.4415 -109.608 698.029
-17.5811 -109.952 698.689
-17.7207 -110.296 699.349
-17.8603 -110.64 700.01
-18 -110.984 700.67
-18.1396 -111.328 701.33
-18.2792 -111.671 701.99
-18.4188 -112.015 702.65
-18.5585 -112.359 703.311
-18.6981 -112.703 703.971
-18.8377 -113.047 704.631
-18.9773 -113.391 705.291
-19.117 -113.735 705.951
-19.2566 -114.078 706.612
-19.3962 -114.422 707.272
-19.5358 -114.766 707.932
-19.6755 -115.11 708.592
-19.8151 -115.454 709.252
-19.9547 -115.798 709.913
-20.0943 -116.141 710.573
-20.234 -116.485 711.233
-20.3736 -116.829 711.893
-20.5132 -117.173 712.553
-20.6528 -117.517 713.214
-20.7925 -117.861 713.874
-20.9321 -118.205 714.534
-21.0717 -118.548 715.194
-21.2113 -118.892 715.854
-21.351 -119.236 716.514
-21.4906 -119.58 717.175
-21.6302 -119.924 717.835
-21.7699 -120.268 718.495
-21.9095 -120.612 719.155
-22.0491 -120.955 719.815
-22.1887 -121.299 720.476
-22.3284 -121.643 721.136
-22.468 -121.987 721.796
-22.6076 -122.331 722.456
-22.7472 -122.675 723.116
-22.8869 -123.019 723.777
-23.0265 -123.362 724.437
-23.1661 -123.706 725.097
-23.3057 -124.05 725.757
-23.4454 -124.394 726.417
-23.585 -124.738 727.078
-23.7246 -125.082 727.738
-23.8642 -125.425 728.398
-24.0039 -125.769 729.058
-24.1435 -126.113 729.718
-24.2831 -126.457 730.379
-24.4227 -126.801 731.039
-24.5624 -127.145 731.699
-24.702 -127.489 732.359
-24.8416 -127.832 733.019
-24.9812 -128.176 733.68
-25.1209 -128.52 734.34
-25.2605 -128.864 735
-25.4001 -129.208 735.66
-25.5397 -129.552 736.32
-25.6794 -129.896 736.98
-25.819 -130.239 737.641
-25.9586 -130.583 738.301
-26.0982 -130.927 738.961
-26.2379 -131.271 739.621
-26.3775 -131.615 740.281
-26.5171 -131.959 740.942
-26.6567 -132.303 741.602
-26.7964 -132.646 742.262
-26.936 -132.99 742.922
-27.0756 -133.334 743.582
-27.2152 -133.678 744.243
-27.3549 -134.022 744.903
-27.4945 -134.366 745.563
-27.6341 -134.709 746.223
-27.7737 -135.053 746.883
-27.9134 -135.397 747.544
#plane_13-plane_9
>points
-8.95147 -120.94 658.018
-8.98449 -120.802 658.174
-9.0175 -120.665 658.329
-9.05047 -120.527 658.484
-9.08342 -120.388 658.639
-9.11635 -120.248 658.793
-9.14925 -120.109 658.948
-9.18212 -119.968 659.103
-9.21497 -119.827 659.257
-9.24778 -119.686 659.411
-9.28057 -119.544 659.565
-9.31334 -119.401 659.719
-9.34608 -119.258 659.873
-9.37878 -119.115 660.027
-9.41146 -118.971 660.18
-9.44411 -118.826 660.334
-9.47673 -118.681 660.487
-9.50933 -118.536 660.64
-9.54189 -118.389 660.793
-9.57442 -118.243 660.946
-9.60692 -118.096 661.099
-9.63939 -117.948 661.252
-9.67183 -117.8 661.404
-9.70424 -117.651 661.556
-9.73662 -117.502 661.709
-9.76896 -117.352 661.861
-9.80128 -117.202 662.012
-9.83356 -117.051 662.164
-9.86581 -116.9 662.316
-9.89802 -116.748 662.467
-9.93021 -116.596 662.618
-9.96236 -116.443 662.769
-9.99447 -116.29 662.92
-10.0266 -116.136 663.071
-10.0586 -115.982 663.222
-10.0906 -115.827 663.372
-10.1226 -115.672 663.522
-10.1545 -115.516 663.672
-10.1865 -115.36 663.822
-10.2183 -115.203 663.972
-10.2502 -115.046 664.121
-10.282 -114.888 664.271
-10.3137 -114.73 664.42
-10.3454 -114.571 664.569
-10.3771 -114.412 664.718
-10.4088 -114.252 664.867
-10.4404 -114.092 665.015
-10.472 -113.932 665.164
-10.5035 -113.77 665.312
-10.535 -113.609 665.46
-10.5665 -113.447 665.607
-10.5979 -113.284 665.755
-10.6293 -113.121 665.902
-10.6606 -112.958 666.05
-10.6919 -112.794 666.197
-10.7232 -112.63 666.343
-10.7544 -112.465 666.49
-10.7856 -112.299 666.637
-10.8167 -112.134 666.783
-10.8478 -111.967 666.929
-10.8789 -111.801 667.075
-10.9099 -111.634 667.22
-10.9409 -111.466 667.366
-10.9718 -111.298 667.511
-11.0027 -111.129 667.656
-11.0336 -110.96 667.801
-11.0644 -110.791 667.946
-11.0951 -110.621 668.09
-11.1258 -110.451 668.234
-11.1565 -110.28 668.378
-11.1871 -110.109 668.522
-11.2177 -109.937 668.666
-11.2483 -109.765 668.809
-11.2787 -109.592 668.952
-11.3092 -109.419 669.095
-11.3396 -109.246 669.238
-11.3699 -109.072 669.38
-11.4003 -108.898 669.523
-11.4305 -108.723 669.665
-11.4607 -108.548 669.807
-11.4909 -108.372 669.948
-11.521 -108.196 670.089
-11.5511 -108.02 670.231
-11.5811 -107.843 670.372
-11.6111 -107.666 670.512
-11.641 -107.488 670.653
-11.6709 -107.31 670.793
-11.7007 -107.131 670.933
-11.7305 -106.952 671.073
-11.7603 -106.773 671.212
-11.7899 -106.593 671.352
-11.8196 -106.413 671.491
-11.8492 -106.232 671.63
-11.8787 -106.051 671.768
-11.9082 -105.87 671.907
-11.9376 -105.688 672.045
-11.967 -105.505 672.183
-11.9963 -105.323 672.32
-12.0256 -105.14 672.458
-12.0548 -104.956 672.595
-12.084 -104.772 672.732
#plane_13-cylinder_0
>points
-3.24612 -103.747 687.741
-3.38028 -104.078 688.376
-3.51442 -104.409 689.012
-3.64856 -104.741 689.647
-3.78271 -105.072 690.283
-3.91685 -105.403 690.919
-4.05099 -105.734 691.554
-4.18515 -106.065 692.19
-4.31929 -106.396 692.826
-4.45343 -106.727 693.461
-4.58759 -107.058 694.097
-4.72173 -107.389 694.732
-4.85587 -107.72 695.368
-4.99002 -108.051 696.004
-5.12416 -108.382 696.639
-5.2583 -108.713 697.275
-5.39246 -109.044 697.911
-5.5266 -109.375 698.546
-5.66075 -109.706 699.182
-5.79489 -110.037 699.818
-5.92903 -110.368 700.453
-6.06319 -110.699 701.089
-6.19733 -111.03 701.724
-6.33147 -111.361 702.36
-6.46562 -111.692 702.996
-6.59976 -112.024 703.631
-6.7339 -112.355 704.267
-6.86806 -112.686 704.903
-7.0022 -113.017 705.538
-7.13634 -113.348 706.174
-7.27049 -113.679 706.809
-7.40463 -114.01 707.445
-7.53877 -114.341 708.081
-7.67293 -114.672 708.716
-7.80707 -115.003 709.352
-7.94121 -115.334 709.988
-8.07536 -115.665 710.623
-8.2095 -115.996 711.259
-8.34364 -116.327 711.894
-8.4778 -116.658 712.53
-8.61194 -116.989 713.166
-8.74608 -117.32 713.801
-8.88023 -117.651 714.437
-9.01437 -117.982 715.073
-9.14851 -118.313 715.708
-9.28267 -118.644 716.344
-9.41681 -118.976 716.979
-9.55095 -119.307 717.615
-9.6851 -119.638 718.251
-9.81924 -119.969 718.886
-9.95338 -120.3 719.522
-10.0875 -120.631 720.158
-10.2217 -120.962 720.793
-10.3558 -121.293 721.429
-10.49 -121.624 722.065
-10.6241 -121.955 722.7
-10.7583 -122.286 723.336
-10.8924 -122.617 723.971
-11.0266 -122.948 724.607
-11.1607 -123.279 725.243
-11.2948 -123.61 725.878
-11.429 -123.941 726.514
-11.5631 -124.272 727.15
-11.6973 -124.603 727.785
-11.8314 -124.934 728.421
-11.9656 -125.265 729.056
-12.0997 -125.596 729.692
-12.2339 -125.928 730.328
-12.368 -126.259 730.963
-12.5022 -126.59 731.599
-12.6363 -126.921 732.235
-12.7704 -127.252 732.87
-12.9046 -127.583 733.506
-13.0387 -127.914 734.141
-13.1729 -128.245 734.777
-13.307 -128.576 735.413
-13.4412 -128.907 736.048
-13.5753 -129.238 736.684
-13.7095 -129.569 737.32
-13.8436 -129.9 737.955
-13.9778 -130.231 738.591
-14.1119 -130.562 739.227
-14.246 -130.893 739.862
-14.3802 -131.224 740.498
-14.5143 -131.555 741.133
-14.6485 -131.886 741.769
-14.7826 -132.217 742.405
-14.9168 -132.548 743.04
-15.0509 -132.879 743.676
-15.1851 -133.21 744.312
-15.3192 -133.542 744.947
-15.4533 -133.873 745.583
-15.5875 -134.204 746.218
-15.7216 -134.535 746.854
-15.8558 -134.866 747.49
-15.9899 -135.197 748.125
-16.1241 -135.528 748.761
-16.2582 -135.859 749.397
-16.3924 -136.19 750.032
-16.5265 -136.521 750.668
#plane_14-plane_9
>points
1.56194 -123.748 665.199
1.52786 -123.553 665.358
1.49383 -123.358 665.517
1.45987 -123.161 665.676
1.42595 -122.965 665.834
1.3921 -122.767 665.993
1.35831 -122.569 666.151
1.32458 -122.371 666.308
1.29091 -122.172 666.466
1.25729 -121.973 666.623
1.22374 -121.773 666.78
1.19025 -121.572 666.936
1.15683 -121.371 667.093
1.12346 -121.17 667.249
1.09015 -120.968 667.404
1.05691 -120.765 667.56
1.02373 -120.562 667.715
0.990618 -120.359 667.869
0.957563 -120.155 668.024
0.924578 -119.95 668.178
0.891654 -119.745 668.332
0.858795 -119.539 668.485
0.826004 -119.333 668.639
0.793275 -119.127 668.792
0.760612 -118.92 668.944
0.728016 -118.712 669.096
0.69549 -118.504 669.248
0.663026 -118.296 669.4
0.630632 -118.086 669.551
0.598306 -117.877 669.702
0.566046 -117.667 669.853
0.533856 -117.457 670.003
0.501736 -117.246 670.153
0.469685 -117.034 670.303
0.437701 -116.822 670.452
0.405787 -116.61 670.601
0.373945 -116.397 670.75
0.342174 -116.184 670.898
0.310472 -115.97 671.046
0.278842 -115.756 671.194
0.247283 -115.541 671.341
0.215798 -115.326 671.488
0.184385 -115.111 671.635
0.153044 -114.894 671.781
0.121777 -114.678 671.927
0.0905819 -114.461 672.073
0.0594606 -114.244 672.218
0.0284157 -114.026 672.363
-0.0025568 -113.808 672.508
-0.033453 -113.589 672.652
-0.0642776 -113.37 672.796
-0.0950232 -113.15 672.939
-0.125693 -112.93 673.082
-0.156288 -112.71 673.225
-0.186808 -112.489 673.367
-0.217251 -112.268 673.509
-0.247614 -112.046 673.651
-0.2779 -111.824 673.792
-0.308108 -111.602 673.933
-0.338239 -111.379 674.074
-0.368291 -111.156 674.214
-0.398263 -110.932 674.354
-0.428159 -110.708 674.493
-0.457973 -110.483 674.632
-0.487708 -110.259 674.771
-0.517361 -110.033 674.909
-0.546936 -109.808 675.047
-0.576429 -109.581 675.184
-0.605839 -109.355 675.321
-0.635172 -109.128 675.458
-0.664419 -108.901 675.594
-0.693584 -108.673 675.73
-0.722668 -108.445 675.866
-0.751669 -108.217 676.001
-0.780587 -107.988 676.136
-0.809421 -107.759 676.27
-0.83817 -107.53 676.404
-0.866837 -107.3 676.538
-0.895419 -107.07 676.671
-0.923916 -106.839 676.804
-0.952329 -106.608 676.936
-0.980655 -106.377 677.068
-1.0089 -106.145 677.199
-1.03705 -105.913 677.331
-1.06512 -105.681 677.461
-1.0931 -105.448 677.592
-1.12099 -105.215 677.721
-1.14881 -104.982 677.851
-1.17652 -104.748 677.98
-1.20416 -104.514 678.109
-1.2317 -104.28 678.237
-1.25915 -104.045 678.365
-1.28652 -103.81 678.492
-1.3138 -103.575 678.619
-1.34099 -103.339 678.746
-1.36809 -103.103 678.872
-1.39509 -102.867 678.997
-1.42201 -102.63 679.123
-1.44884 -102.393 679.248
-1.47558 -102.156 679.372
-1.50222 -101.919 679.496
#plane_14-cylinder_0
>points
-21.7932 -60.4785 599.572
-21.8556 -60.9601 599.602
-21.9165 -61.4421 599.634
-21.976 -61.9246 599.67
-22.0341 -62.4075 599.708
-22.0907 -62.8908 599.748
-22.1459 -63.3744 599.792
-22.1996 -63.8583 599.838
-22.2519 -64.3426 599.886
-22.3027 -64.827 599.938
-22.3521 -65.3117 599.992
-22.3999 -65.7965 600.048
-22.4464 -66.2816 600.108
-22.4913 -66.7667 600.17
-22.5348 -67.252 600.234
-22.5768 -67.7373 600.302
-22.6173 -68.2226 600.372
-22.6564 -68.708 600.444
-22.6939 -69.1933 600.519
-22.73 -69.6786 600.597
-22.7646 -70.1638 600.677
-22.7977 -70.6488 600.761
-22.8293 -71.1338 600.846
-22.8594 -71.6185 600.934
-22.888 -72.1031 601.025
-22.9151 -72.5874 601.119
-22.9407 -73.0714 601.215
-22.9649 -73.5552 601.313
-22.9875 -74.0386 601.415
-23.0086 -74.5216 601.518
-23.0282 -75.0043 601.625
-23.0463 -75.4865 601.734
-23.0629 -75.9683 601.845
-23.0779 -76.4496 601.959
-23.0915 -76.9305 602.076
-23.1036 -77.4107 602.195
-23.1141 -77.8904 602.316
-23.1232 -78.3695 602.44
-23.1307 -78.848 602.567
-23.1367 -79.3258 602.696
-23.1412 -79.8029 602.828
-23.1442 -80.2793 602.962
-23.1457 -80.7549 603.098
-23.1456 -81.2298 603.237
-23.1441 -81.7039 603.379
-23.141 -82.1771 603.523
-23.1364 -82.6494 603.669
-23.1303 -83.1209 603.818
-23.1227 -83.5914 603.969
-23.1136 -84.0609 604.123
-23.1029 -84.5295 604.279
-23.0908 -84.9971 604.437
-23.0771 -85.4636 604.598
-23.062 -85.929 604.761
-23.0453 -86.3933 604.926
-23.0271 -86.8565 605.094
-23.0074 -87.3186 605.264
-22.9862 -87.7794 605.437
-22.9635 -88.239 605.612
-22.9393 -88.6974 605.789
-22.9136 -89.1545 605.968
-22.8864 -89.6103 606.15
-22.8577 -90.0647 606.334
-22.8275 -90.5178 606.52
-22.7958 -90.9695 606.709
-22.7627 -91.4198 606.9
-22.728 -91.8686 607.093
-22.6918 -92.3159 607.288
-22.6542 -92.7618 607.485
-22.6151 -93.2061 607.685
-22.5745 -93.6488 607.887
-22.5324 -94.09 608.091
-22.4888 -94.5295 608.297
-22.4438 -94.9674 608.505
-22.3973 -95.4036 608.715
-22.3493 -95.8382 608.928
-22.2999 -96.271 609.142
-22.249 -96.702 609.359
-22.1966 -97.1313 609.578
-22.1428 -97.5587 609.798
-22.0876 -97.9843 610.021
-22.0309 -98.4081 610.246
-21.9727 -98.83 610.473
-21.9131 -99.2499 610.702
-21.8521 -99.6679 610.932
-21.7896 -100.084 611.165
-21.7257 -100.498 611.4
-21.6604 -100.91 611.637
-21.5937 -101.32 611.875
-21.5255 -101.728 612.116
-21.456 -102.134 612.359
-21.385 -102.538 612.603
-21.3126 -102.939 612.849
-21.2389 -103.338 613.097
-21.1637 -103.736 613.347
-21.0871 -104.131 613.599
-21.0092 -104.523 613.852
-20.9299 -104.914 614.108
-20.8492 -105.302 614.365
-20.7671 -105.688 614.624
-20.6837 -106.071 614.884
#plane_16-cylinder_0
>points
-11.7879 -61.816 596.721
-11.8183 -61.9739 596.715
-11.8484 -62.1319 596.709
-11.8784 -62.2901 596.703
-11.9082 -62.4484 596.698
-11.9379 -62.6067 596.693
-11.9675 -62.7653 596.688
-11.9968 -62.9239 596.684
-12.0261 -63.0826 596.68
-12.0551 -63.2414 596.676
-12.084 -63.4004 596.673
-12.1128 -63.5594 596.67
-12.1413 -63.7186 596.667
-12.1698 -63.8778 596.665
-12.198 -64.0372 596.662
-12.2261 -64.1967 596.661
-12.2541 -64.3563 596.659
-12.2819 -64.5159 596.658
-12.3095 -64.6757 596.657
-12.337 -64.8356 596.656
-12.3643 -64.9955 596.656
-12.3914 -65.1556 596.656
-12.4184 -65.3158 596.656
-12.4453 -65.476 596.657
-12.4719 -65.6364 596.658
-12.4984 -65.7968 596.659
-12.5248 -65.9573 596.661
-12.551 -66.1179 596.662
-12.577 -66.2786 596.664
-12.6029 -66.4394 596.667
-12.6286 -66.6003 596.67
-12.6541 -66.7613 596.673
-12.6795 -66.9223 596.676
-12.7047 -67.0834 596.68
-12.7298 -67.2446 596.684
-12.7547 -67.4059 596.688
-12.7794 -67.5673 596.693
-12.804 -67.7287 596.698
-12.8284 -67.8902 596.703
-12.8526 -68.0518 596.709
-12.8767 -68.2135 596.715
-12.9006 -68.3752 596.721
-12.9244 -68.537 596.727
-12.948 -68.6989 596.734
-12.9714 -68.8609 596.741
-12.9947 -69.0229 596.749
-13.0177 -69.185 596.756
-13.0407 -69.3471 596.764
-13.0634 -69.5093 596.773
-13.0861 -69.6716 596.781
-13.1085 -69.8339 596.79
-13.1308 -69.9963 596.799
-13.1529 -70.1588 596.809
-13.1748 -70.3213 596.819
-13.1966 -70.4839 596.829
-13.2182 -70.6465 596.84
-13.2396 -70.8092 596.85
-13.2609 -70.972 596.862
-13.282 -71.1348 596.873
-13.303 -71.2976 596.885
-13.3237 -71.4605 596.897
-13.3443 -71.6235 596.909
-13.3648 -71.7865 596.922
-13.3851 -71.9495 596.935
-13.4052 -72.1126 596.948
-13.4251 -72.2757 596.961
-13.4449 -72.4389 596.975
-13.4645 -72.6021 596.99
-13.4839 -72.7654 597.004
-13.5032 -72.9287 597.019
-13.5223 -73.092 597.034
-13.5413 -73.2554 597.049
-13.56 -73.4188 597.065
-13.5786 -73.5822 597.081
-13.597 -73.7457 597.097
-13.6153 -73.9092 597.114
-13.6334 -74.0728 597.131
-13.6513 -74.2364 597.148
-13.6691 -74.4 597.166
-13.6867 -74.5636 597.184
-13.7041 -74.7273 597.202
-13.7213 -74.891 597.22
-13.7384 -75.0547 597.239
-13.7553 -75.2184 597.258
-13.772 -75.3822 597.277
-13.7886 -75.5459 597.297
-13.805 -75.7097 597.317
-13.8212 -75.8736 597.337
-13.8373 -76.0374 597.358
-13.8532 -76.2012 597.379
-13.8689 -76.3651 597.4
-13.8844 -76.529 597.422
-13.8998 -76.6929 597.443
-13.915 -76.8568 597.466
-13.93 -77.0207 597.488
-13.9449 -77.1846 597.511
-13.9596 -77.3486 597.534
-13.9741 -77.5125 597.557
-13.9884 -77.6764 597.581
-14.0026 -77.8404 597.605
#plane_17-cylinder_0
>points
-14.5636 -89.2447 600.016
-14.5661 -89.4745 600.08
-14.5683 -89.7043 600.145
-14.5701 -89.9338 600.21
-14.5716 -90.1632 600.276
-14.5727 -90.3924 600.342
-14.5735 -90.6214 600.409
-14.5739 -90.8502 600.476
-14.5739 -91.0789 600.544
-14.5736 -91.3074 600.613
-14.573 -91.5356 600.682
-14.5719 -91.7637 600.752
-14.5705 -91.9916 600.822
-14.5688 -92.2193 600.893
-14.5667 -92.4468 600.964
-14.5642 -92.674 601.036
-14.5614 -92.9011 601.109
-14.5583 -93.128 601.182
-14.5547 -93.3546 601.256
-14.5509 -93.581 601.33
-14.5466 -93.8072 601.405
-14.542 -94.0332 601.48
-14.5371 -94.2589 601.556
-14.5317 -94.4844 601.632
-14.5261 -94.7097 601.709
-14.5201 -94.9347 601.787
-14.5137 -95.1595 601.865
-14.5069 -95.384 601.944
-14.4998 -95.6083 602.023
-14.4924 -95.8323 602.103
-14.4846 -96.0561 602.183
-14.4764 -96.2796 602.264
-14.4679 -96.5028 602.346
-14.459 -96.7258 602.428
-14.4498 -96.9485 602.51
-14.4402 -97.171 602.593
-14.4303 -97.3931 602.677
-14.42 -97.615 602.761
-14.4093 -97.8366 602.846
-14.3983 -98.0579 602.931
-14.387 -98.279 603.017
-14.3753 -98.4997 603.103
-14.3632 -98.7201 603.19
-14.3508 -98.9403 603.277
-14.338 -99.1601 603.365
-14.3249 -99.3796 603.453
-14.3114 -99.5989 603.542
-14.2976 -99.8178 603.632
-14.2834 -100.036 603.722
-14.2688 -100.255 603.812
-14.2539 -100.473 603.904
-14.2387 -100.69 603.995
-14.2231 -100.908 604.087
-14.2071 -101.125 604.18
-14.1908 -101.341 604.273
-14.1742 -101.557 604.367
-14.1572 -101.773 604.461
-14.1398 -101.989 604.555
-14.1221 -102.204 604.651
-14.104 -102.419 604.746
-14.0856 -102.634 604.843
-14.0669 -102.848 604.939
-14.0478 -103.062 605.037
-14.0283 -103.275 605.134
-14.0085 -103.488 605.233
-13.9883 -103.701 605.331
-13.9678 -103.914 605.431
-13.947 -104.126 605.53
-13.9258 -104.337 605.631
-13.9042 -104.548 605.731
-13.8823 -104.759 605.833
-13.8601 -104.97 605.934
-13.8375 -105.18 606.036
-13.8146 -105.39 606.139
-13.7913 -105.599 606.242
-13.7676 -105.808 606.346
-13.7437 -106.016 606.45
-13.7194 -106.224 606.555
-13.6947 -106.432 606.66
-13.6697 -106.639 606.766
-13.6443 -106.846 606.872
-13.6186 -107.053 606.979
-13.5926 -107.259 607.086
-13.5662 -107.464 607.193
-13.5395 -107.669 607.301
-13.5124 -107.874 607.41
-13.485 -108.078 607.519
-13.4573 -108.282 607.628
-13.4292 -108.486 607.738
-13.4007 -108.689 607.848
-13.372 -108.891 607.959
-13.3429 -109.093 608.07
-13.3134 -109.295 608.182
-13.2836 -109.496 608.294
-13.2535 -109.697 608.407
-13.223 -109.897 608.52
-13.1922 -110.097 608.634
-13.1611 -110.296 608.748
-13.1296 -110.495 608.862
-13.0978 -110.693 608.977
-13.0657 -110.891 609.093
#plane_17-cylinder_0
>points
-56.8237 -100.47 529.161
-56.8232 -100.585 529.196
-56.8226 -100.7 529.231
-56.822 -100.815 529.266
-56.8215 -100.93 529.302
-56.8209 -101.045 529.337
-56.8203 -101.16 529.372
-56.8198 -101.275 529.407
-56.8192 -101.39 529.443
-56.8186 -101.505 529.478
-56.8181 -101.621 529.513
-56.8175 -101.736 529.549
-56.8169 -101.851 529.584
-56.8164 -101.966 529.619
-56.8158 -102.081 529.654
-56.8152 -102.196 529.69
-56.8147 -102.311 529.725
-56.8141 -102.426 529.76
-56.8135 -102.541 529.795
-56.813 -102.656 529.831
-56.8124 -102.772 529.866
-56.8118 -102.887 529.901
-56.8112 -103.002 529.937
-56.8107 -103.117 529.972
-56.8101 -103.232 530.007
-56.8096 -103.347 530.042
-56.809 -103.462 530.078
-56.8084 -103.577 530.113
-56.8078 -103.693 530.148
-56.8073 -103.807 530.184
-56.8067 -103.923 530.219
-56.8061 -104.038 530.254
-56.8056 -104.153 530.289
-56.805 -104.268 530.325
-56.8045 -104.383 530.36
-56.8039 -104.498 530.395
-56.8033 -104.613 530.43
-56.8027 -104.728 530.466
-56.8022 -104.844 530.501
-56.8016 -104.959 530.536
-56.801 -105.074 530.572
-56.8005 -105.189 530.607
-56.7999 -105.304 530.642
-56.7993 -105.419 530.677
-56.7988 -105.534 530.713
-56.7982 -105.649 530.748
-56.7976 -105.764 530.783
-56.7971 -105.879 530.818
-56.7965 -105.995 530.854
-56.7959 -106.11 530.889
-56.7954 -106.225 530.924
-56.7948 -106.34 530.96
-56.7943 -106.455 530.995
-56.7937 -106.57 531.03
-56.7931 -106.685 531.065
-56.7925 -106.8 531.101
-56.792 -106.915 531.136
-56.7914 -107.03 531.171
-56.7908 -107.146 531.206
-56.7903 -107.261 531.242
-56.7897 -107.376 531.277
-56.7891 -107.491 531.312
-56.7886 -107.606 531.348
-56.788 -107.721 531.383
-56.7874 -107.836 531.418
-56.7869 -107.951 531.453
-56.7863 -108.066 531.489
-56.7857 -108.182 531.524
-56.7852 -108.297 531.559
-56.7846 -108.412 531.594
-56.784 -108.527 531.63
-56.7835 -108.642 531.665
-56.7829 -108.757 531.7
-56.7823 -108.872 531.736
-56.7818 -108.987 531.771
-56.7812 -109.102 531.806
-56.7806 -109.217 531.841
-56.7801 -109.333 531.877
-56.7795 -109.448 531.912
-56.7789 -109.563 531.947
-56.7784 -109.678 531.982
-56.7778 -109.793 532.018
-56.7772 -109.908 532.053
-56.7767 -110.023 532.088
-56.7761 -110.138 532.124
-56.7755 -110.253 532.159
-56.775 -110.368 532.194
-56.7744 -110.484 532.229
-56.7738 -110.599 532.265
-56.7733 -110.714 532.3
-56.7727 -110.829 532.335
-56.7721 -110.944 532.37
-56.7716 -111.059 532.406
-56.771 -111.174 532.441
-56.7704 -111.289 532.476
-56.7699 -111.404 532.512
-56.7693 -111.52 532.547
-56.7687 -111.635 532.582
-56.7682 -111.75 532.617
-56.7676 -111.865 532.653
-56.767 -111.98 532.688
#plane_17-plane_20
>points
-16.0165 -79.8341 594.663
-16.4228 -80.0396 594.01
-16.8291 -80.245 593.358
-17.2354 -80.4505 592.706
-17.6417 -80.656 592.054
-18.048 -80.8615 591.402
-18.4543 -81.0669 590.749
-18.8606 -81.2724 590.097
-19.2669 -81.4779 589.445
-19.6732 -81.6834 588.793
-20.0796 -81.8888 588.141
-20.4859 -82.0943 587.489
-20.8922 -82.2998 586.836
-21.2985 -82.5053 586.184
-21.7048 -82.7107 585.532
-22.1111 -82.9162 584.88
-22.5174 -83.1217 584.228
-22.9237 -83.3272 583.575
-23.33 -83.5326 582.923
-23.7363 -83.7381 582.271
-24.1426 -83.9436 581.619
-24.549 -84.149 580.967
-24.9553 -84.3545 580.315
-25.3616 -84.56 579.662
-25.7679 -84.7655 579.01
-26.1742 -84.9709 578.358
-26.5805 -85.1764 577.706
-26.9868 -85.3819 577.054
-27.3931 -85.5874 576.401
-27.7994 -85.7928 575.749
-28.2057 -85.9983 575.097
-28.612 -86.2038 574.445
-29.0183 -86.4093 573.793
-29.4247 -86.6147 573.14
-29.831 -86.8202 572.488
-30.2373 -87.0257 571.836
-30.6436 -87.2312 571.184
-31.0499 -87.4366 570.532
-31.4562 -87.6421 569.88
-31.8625 -87.8476 569.227
-32.2688 -88.0531 568.575
-32.6751 -88.2585 567.923
-33.0814 -88.464 567.271
-33.4877 -88.6695 566.619
-33.894 -88.875 565.966
-34.3004 -89.0804 565.314
-34.7067 -89.2859 564.662
-35.113 -89.4914 564.01
-35.5193 -89.6969 563.358
-35.9256 -89.9023 562.706
-36.3319 -90.1078 562.053
-36.7382 -90.3133 561.401
-37.1445 -90.5188 560.749
-37.5508 -90.7242 560.097
-37.9571 -90.9297 559.445
-38.3634 -91.1352 558.792
-38.7697 -91.3407 558.14
-39.1761 -91.5461 557.488
-39.5824 -91.7516 556.836
-39.9886 -91.9571 556.184
-40.395 -92.1626 555.531
-40.8013 -92.368 554.879
-41.2076 -92.5735 554.227
-41.6139 -92.779 553.575
-42.0202 -92.9845 552.923
-42.4265 -93.1899 552.271
-42.8328 -93.3954 551.618
-43.2391 -93.6009 550.966
-43.6454 -93.8064 550.314
-44.0518 -94.0118 549.662
-44.458 -94.2173 549.01
-44.8643 -94.4228 548.357
-45.2707 -94.6283 547.705
-45.677 -94.8337 547.053
-46.0833 -95.0392 546.401
-46.4896 -95.2447 545.749
-46.8959 -95.4501 545.097
-47.3022 -95.6556 544.444
-47.7085 -95.8611 543.792
-48.1148 -96.0666 543.14
-48.5211 -96.272 542.488
-48.9274 -96.4775 541.836
-49.3337 -96.683 541.183
-49.7401 -96.8885 540.531
-50.1464 -97.0939 539.879
-50.5527 -97.2994 539.227
-50.959 -97.5049 538.575
-51.3653 -97.7104 537.923
-51.7716 -97.9158 537.27
-52.1779 -98.1213 536.618
-52.5842 -98.3268 535.966
-52.9905 -98.5323 535.314
-53.3968 -98.7377 534.662
-53.8031 -98.9432 534.009
-54.2094 -99.1487 533.357
-54.6158 -99.3542 532.705
-55.0221 -99.5596 532.053
-55.4284 -99.7651 531.401
-55.8347 -99.9706 530.749
-56.241 -100.176 530.096
-56.6473 -100.382 529.444
#plane_21-plane_17
>points
13.9504 -80.2486 589.926
13.7046 -80.2485 589.954
13.4586 -80.2481 589.982
13.2124 -80.2476 590.012
12.966 -80.2468 590.042
12.7193 -80.2457 590.073
12.4724 -80.2445 590.104
12.2253 -80.243 590.137
11.978 -80.2413 590.17
11.7305 -80.2394 590.204
11.4828 -80.2372 590.239
11.2349 -80.2348 590.274
10.9868 -80.2322 590.311
10.7385 -80.2294 590.348
10.49 -80.2263 590.386
10.2413 -80.2231 590.425
9.99245 -80.2196 590.464
9.74341 -80.2158 590.505
9.49421 -80.2119 590.546
9.24483 -80.2077 590.588
8.99529 -80.2033 590.631
8.74559 -80.1986 590.674
8.49572 -80.1937 590.718
8.2457 -80.1887 590.763
7.99553 -80.1833 590.809
7.74521 -80.1778 590.856
7.49475 -80.172 590.903
7.24414 -80.166 590.951
6.9934 -80.1598 591
6.74253 -80.1534 591.05
6.49154 -80.1467 591.101
6.24041 -80.1398 591.152
5.98916 -80.1327 591.204
5.7378 -80.1253 591.257
5.48632 -80.1178 591.311
5.23473 -80.11 591.365
4.98304 -80.102 591.42
4.73123 -80.0937 591.476
4.47934 -80.0853 591.533
4.22735 -80.0766 591.59
3.97526 -80.0677 591.649
3.72309 -80.0585 591.708
3.47083 -80.0492 591.767
3.21849 -80.0396 591.828
2.96608 -80.0298 591.889
2.7136 -80.0197 591.951
2.46105 -80.0095 592.014
2.20843 -79.999 592.078
1.95575 -79.9883 592.142
1.70301 -79.9774 592.207
1.45021 -79.9662 592.273
1.19737 -79.9549 592.34
0.944486 -79.9433 592.407
0.691554 -79.9315 592.476
0.438583 -79.9194 592.545
0.185575 -79.9072 592.614
-0.0674591 -79.8947 592.685
-0.320521 -79.882 592.756
-0.573609 -79.8691 592.828
-0.826719 -79.856 592.901
-1.07984 -79.8426 592.974
-1.33298 -79.829 593.048
-1.58612 -79.8152 593.123
-1.83928 -79.8012 593.199
-2.09243 -79.787 593.275
-2.34558 -79.7725 593.353
-2.59872 -79.7578 593.431
-2.85185 -79.7429 593.509
-3.10497 -79.7278 593.589
-3.35807 -79.7125 593.669
-3.61115 -79.6969 593.75
-3.8642 -79.6811 593.831
-4.11723 -79.6652 593.914
-4.37022 -79.6489 593.997
-4.62317 -79.6325 594.081
-4.87609 -79.6159 594.165
-5.12896 -79.599 594.251
-5.38178 -79.5819 594.337
-5.63456 -79.5647 594.423
-5.88727 -79.5471 594.511
-6.13993 -79.5294 594.599
-6.39252 -79.5115 594.688
-6.64505 -79.4933 594.778
-6.89751 -79.4749 594.868
-7.14989 -79.4564 594.959
-7.40219 -79.4376 595.051
-7.65442 -79.4185 595.144
-7.90656 -79.3993 595.237
-8.15861 -79.3799 595.331
-8.41056 -79.3602 595.426
-8.66242 -79.3403 595.521
-8.91418 -79.3203 595.617
-9.16584 -79.3 595.714
-9.41739 -79.2794 595.812
-9.66882 -79.2587 595.91
-9.92014 -79.2378 596.009
-10.1713 -79.2167 596.109
-10.4224 -79.1953 596.209
-10.6734 -79.1737 596.31
-10.9242 -79.152 596.412
-11.1749 -79.13 596.514
#plane_21-cylinder_0
>points
-16.6347 -91.4199 597.027
-17.0328 -91.6218 596.389
-17.431 -91.8238 595.75
-17.8291 -92.0257 595.111
-18.2272 -92.2276 594.472
-18.6254 -92.4296 593.833
-19.0235 -92.6315 593.194
-19.4216 -92.8334 592.555
-19.8197 -93.0353 591.916
-20.2179 -93.2373 591.278
-20.616 -93.4392 590.639
-21.0141 -93.6411 590
-21.4123 -93.8431 589.361
-21.8104 -94.045 588.722
-22.2085 -94.2469 588.083
-22.6067 -94.4488 587.444
-23.0048 -94.6508 586.805
-23.4029 -94.8527 586.167
-23.8011 -95.0546 585.528
-24.1992 -95.2566 584.889
-24.5973 -95.4585 584.25
-24.9954 -95.6604 583.611
-25.3936 -95.8624 582.972
-25.7917 -96.0643 582.333
-26.1898 -96.2662 581.694
-26.588 -96.4681 581.055
-26.9861 -96.6701 580.417
-27.3842 -96.872 579.778
-27.7823 -97.0739 579.139
-28.1805 -97.2758 578.5
-28.5786 -97.4778 577.861
-28.9767 -97.6797 577.222
-29.3749 -97.8816 576.583
-29.773 -98.0836 575.944
-30.1711 -98.2855 575.306
-30.5692 -98.4874 574.667
-30.9674 -98.6894 574.028
-31.3655 -98.8913 573.389
-31.7636 -99.0932 572.75
-32.1618 -99.2951 572.111
-32.5599 -99.4971 571.472
-32.958 -99.699 570.833
-33.3562 -99.9009 570.194
-33.7543 -100.103 569.556
-34.1524 -100.305 568.917
-34.5506 -100.507 568.278
-34.9487 -100.709 567.639
-35.3468 -100.911 567
-35.7449 -101.113 566.361
-36.1431 -101.314 565.722
-36.5412 -101.516 565.083
-36.9393 -101.718 564.445
-37.3375 -101.92 563.806
-37.7356 -102.122 563.167
-38.1337 -102.324 562.528
-38.5319 -102.526 561.889
-38.93 -102.728 561.25
-39.3281 -102.93 560.611
-39.7263 -103.132 559.972
-40.1244 -103.334 559.333
-40.5225 -103.536 558.695
-40.9206 -103.738 558.056
-41.3188 -103.94 557.417
-41.7169 -104.141 556.778
-42.115 -104.343 556.139
-42.5132 -104.545 555.5
-42.9113 -104.747 554.861
-43.3094 -104.949 554.222
-43.7076 -105.151 553.584
-44.1057 -105.353 552.945
-44.5038 -105.555 552.306
-44.9019 -105.757 551.667
-45.3001 -105.959 551.028
-45.6982 -106.161 550.389
-46.0963 -106.363 549.75
-46.4944 -106.565 549.111
-46.8926 -106.767 548.473
-47.2907 -106.968 547.834
-47.6888 -107.17 547.195
-48.087 -107.372 546.556
-48.4851 -107.574 545.917
-48.8832 -107.776 545.278
-49.2814 -107.978 544.639
-49.6795 -108.18 544
-50.0776 -108.382 543.361
-50.4758 -108.584 542.723
-50.8739 -108.786 542.084
-51.272 -108.988 541.445
-51.6701 -109.19 540.806
-52.0683 -109.392 540.167
-52.4664 -109.594 539.528
-52.8645 -109.795 538.889
-53.2627 -109.997 538.25
-53.6608 -110.199 537.612
-54.0589 -110.401 536.973
-54.4571 -110.603 536.334
-54.8552 -110.805 535.695
-55.2533 -111.007 535.056
-55.6515 -111.209 534.417
-56.0496 -111.411 533.778
#plane_22-plane_17
>points
10.6355 -92.7958 589.238
10.3995 -92.7836 589.306
10.1634 -92.7712 589.375
9.92738 -92.7586 589.445
9.69132 -92.7458 589.516
9.45526 -92.7329 589.587
9.2192 -92.7197 589.658
8.98315 -92.7063 589.731
8.7471 -92.6928 589.803
8.51106 -92.6791 589.877
8.27503 -92.6651 589.951
8.03902 -92.651 590.026
7.80303 -92.6367 590.102
7.56706 -92.6222 590.178
7.33112 -92.6075 590.255
7.0952 -92.5927 590.332
6.85932 -92.5776 590.41
6.62347 -92.5623 590.489
6.38766 -92.5469 590.569
6.15189 -92.5312 590.649
5.91616 -92.5154 590.729
5.68048 -92.4994 590.811
5.44485 -92.4832 590.892
5.20927 -92.4668 590.975
4.97375 -92.4502 591.058
4.73828 -92.4335 591.142
4.50288 -92.4165 591.227
4.26754 -92.3994 591.312
4.03227 -92.382 591.397
3.79707 -92.3645 591.484
3.56195 -92.3468 591.571
3.3269 -92.3289 591.658
3.09193 -92.3109 591.746
2.85705 -92.2926 591.835
2.62225 -92.2742 591.925
2.38754 -92.2555 592.015
2.15293 -92.2367 592.105
1.9184 -92.2177 592.197
1.68398 -92.1985 592.289
1.44966 -92.1791 592.381
1.21545 -92.1596 592.474
0.981335 -92.1398 592.568
0.747337 -92.1199 592.662
0.513455 -92.0998 592.757
0.279687 -92.0795 592.853
0.0460386 -92.059 592.949
-0.187486 -92.0384 593.046
-0.420885 -92.0175 593.143
-0.654161 -91.9965 593.241
-0.887297 -91.9753 593.34
-1.1203 -91.9539 593.439
-1.35317 -91.9323 593.539
-1.58589 -91.9106 593.639
-1.81847 -91.8887 593.74
-2.05091 -91.8665 593.842
-2.28319 -91.8443 593.944
-2.51532 -91.8218 594.047
-2.7473 -91.7991 594.15
-2.97912 -91.7763 594.254
-3.21077 -91.7533 594.359
-3.44226 -91.7301 594.464
-3.67359 -91.7067 594.57
-3.90474 -91.6832 594.676
-4.13571 -91.6595 594.783
-4.36651 -91.6356 594.89
-4.59713 -91.6115 594.998
-4.82757 -91.5872 595.107
-5.05782 -91.5628 595.216
-5.28788 -91.5382 595.326
-5.51775 -91.5134 595.437
-5.74743 -91.4884 595.547
-5.97691 -91.4633 595.659
-6.20619 -91.438 595.771
-6.43526 -91.4125 595.884
-6.66413 -91.3868 595.997
-6.89278 -91.361 596.111
-7.12122 -91.335 596.225
-7.34945 -91.3088 596.34
-7.57746 -91.2824 596.455
-7.80525 -91.2559 596.571
-8.03281 -91.2292 596.688
-8.26015 -91.2023 596.805
-8.48726 -91.1753 596.923
-8.71412 -91.1481 597.041
-8.94076 -91.1207 597.16
-9.16716 -91.0931 597.279
-9.39331 -91.0654 597.399
-9.61922 -91.0375 597.52
-9.84488 -91.0094 597.641
-10.0703 -90.9812 597.762
-10.2954 -90.9528 597.884
-10.5203 -90.9242 598.007
-10.745 -90.8955 598.13
-10.9694 -90.8666 598.254
-11.1935 -90.8375 598.378
-11.4173 -90.8082 598.503
-11.6409 -90.7788 598.628
-11.8642 -90.7493 598.754
-12.0872 -90.7195 598.881
-12.3099 -90.6896 599.008
-12.5324 -90.6595 599.135
#plane_22-cylinder_0
>points
51.8698 -63.5207 660.454
51.8128 -63.3493 660.364
51.7553 -63.178 660.273
51.6974 -63.0066 660.183
51.639 -62.8353 660.092
51.58 -62.664 660.001
51.5207 -62.4926 659.91
51.4608 -62.3213 659.819
51.4004 -62.15 659.728
51.3396 -61.9787 659.636
51.2783 -61.8075 659.545
51.2165 -61.6362 659.453
51.1542 -61.465 659.361
51.0915 -61.2938 659.269
51.0283 -61.1226 659.177
50.9646 -60.9514 659.085
50.9004 -60.7803 658.992
50.8357 -60.6091 658.9
50.7706 -60.4381 658.807
50.705 -60.267 658.714
50.6389 -60.096 658.621
50.5724 -59.925 658.528
50.5054 -59.754 658.435
50.4379 -59.5831 658.342
50.3699 -59.4122 658.248
50.3015 -59.2414 658.155
50.2326 -59.0705 658.061
50.1632 -58.8998 657.967
50.0934 -58.7291 657.873
50.0231 -58.5584 657.779
49.9523 -58.3877 657.685
49.881 -58.2172 657.591
49.8093 -58.0466 657.496
49.7372 -57.8761 657.402
49.6645 -57.7057 657.307
49.5914 -57.5353 657.212
49.5179 -57.365 657.117
49.4438 -57.1947 657.022
49.3693 -57.0245 656.927
49.2944 -56.8544 656.832
49.219 -56.6843 656.736
49.1431 -56.5143 656.641
49.0667 -56.3443 656.545
48.99 -56.1744 656.449
48.9127 -56.0046 656.353
48.835 -55.8348 656.257
48.7568 -55.6651 656.161
48.6782 -55.4955 656.065
48.5991 -55.326 655.969
48.5196 -55.1565 655.872
48.4396 -54.9871 655.776
48.3591 -54.8178 655.679
48.2782 -54.6485 655.582
48.1969 -54.4794 655.486
48.1151 -54.3103 655.389
48.0328 -54.1413 655.292
47.9501 -53.9724 655.194
47.867 -53.8036 655.097
47.7834 -53.6349 655
47.6994 -53.4662 654.902
47.6149 -53.2977 654.805
47.5299 -53.1292 654.707
47.4445 -52.9609 654.609
47.3587 -52.7926 654.511
47.2724 -52.6244 654.414
47.1857 -52.4563 654.315
47.0986 -52.2884 654.217
47.011 -52.1205 654.119
46.9229 -51.9527 654.021
46.8344 -51.7851 653.922
46.7455 -51.6175 653.824
46.6561 -51.4501 653.725
46.5663 -51.2827 653.627
46.4761 -51.1155 653.528
46.3854 -50.9484 653.429
46.2943 -50.7814 653.33
46.2028 -50.6145 653.231
46.1108 -50.4477 653.132
46.0184 -50.281 653.033
45.9256 -50.1145 652.933
45.8323 -49.9481 652.834
45.7386 -49.7818 652.735
45.6445 -49.6156 652.635
45.5499 -49.4496 652.536
45.4549 -49.2836 652.436
45.3595 -49.1178 652.336
45.2636 -48.9522 652.236
45.1674 -48.7867 652.136
45.0707 -48.6213 652.036
44.9736 -48.456 651.936
44.876 -48.2909 651.836
44.7781 -48.1259 651.736
44.6797 -47.961 651.636
44.5809 -47.7963 651.535
44.4816 -47.6317 651.435
44.382 -47.4673 651.334
44.2819 -47.303 651.234
44.1815 -47.1388 651.133
44.0806 -46.9748 651.033
43.9793 -46.811 650.932
#plane_5-cylinder_0
>points
61.975 -71.9933 653.854
61.8705 -71.7427 653.715
61.7649 -71.4921 653.576
61.6584 -71.2416 653.436
61.5508 -70.9913 653.296
61.4422 -70.7411 653.156
61.3326 -70.491 653.016
61.2221 -70.2411 652.875
61.1105 -69.9912 652.734
60.9979 -69.7416 652.593
60.8844 -69.492 652.451
60.7698 -69.2426 652.31
60.6543 -68.9934 652.168
60.5377 -68.7443 652.026
60.4202 -68.4954 651.883
60.3017 -68.2467 651.741
60.1822 -67.9981 651.598
60.0618 -67.7498 651.455
59.9403 -67.5016 651.312
59.8179 -67.2536 651.168
59.6945 -67.0057 651.024
59.5701 -66.7581 650.881
59.4448 -66.5107 650.736
59.3185 -66.2635 650.592
59.1913 -66.0165 650.448
59.0631 -65.7697 650.303
58.9339 -65.5231 650.158
58.8038 -65.2768 650.013
58.6727 -65.0307 649.867
58.5407 -64.7848 649.722
58.4077 -64.5392 649.576
58.2737 -64.2938 649.43
58.1389 -64.0487 649.284
58.0031 -63.8038 649.138
57.8663 -63.5592 648.992
57.7287 -63.3148 648.845
57.59 -63.0708 648.698
57.4505 -62.8269 648.551
57.31 -62.5834 648.404
57.1686 -62.3401 648.257
57.0263 -62.0972 648.109
56.8831 -61.8545 647.962
56.739 -61.6121 647.814
56.5939 -61.37 647.666
56.4479 -61.1283 647.518
56.301 -60.8868 647.37
56.1533 -60.6457 647.221
56.0046 -60.4048 647.073
55.855 -60.1643 646.924
55.7045 -59.9241 646.775
55.5531 -59.6843 646.627
55.4009 -59.4448 646.477
55.2477 -59.2056 646.328
55.0937 -58.9668 646.179
54.9387 -58.7283 646.03
54.7829 -58.4902 645.88
54.6263 -58.2525 645.73
54.4687 -58.0151 645.581
54.3103 -57.7781 645.431
54.151 -57.5414 645.281
53.9909 -57.3052 645.131
53.8298 -57.0693 644.981
53.668 -56.8338 644.83
53.5052 -56.5987 644.68
53.3417 -56.364 644.529
53.1772 -56.1297 644.379
53.012 -55.8958 644.228
52.8459 -55.6623 644.078
52.6789 -55.4292 643.927
52.5111 -55.1966 643.776
52.3425 -54.9643 643.625
52.1731 -54.7325 643.474
52.0028 -54.5012 643.323
51.8317 -54.2702 643.172
51.6598 -54.0397 643.02
51.487 -53.8097 642.869
51.3135 -53.5801 642.718
51.1391 -53.351 642.566
50.964 -53.1223 642.415
50.788 -52.8941 642.263
50.6113 -52.6663 642.112
50.4337 -52.439 641.96
50.2553 -52.2122 641.809
50.0762 -51.9859 641.657
49.8963 -51.7601 641.505
49.7156 -51.5347 641.353
49.5341 -51.3099 641.202
49.3518 -51.0855 641.05
49.1688 -50.8616 640.898
48.985 -50.6383 640.746
48.8004 -50.4155 640.594
48.6151 -50.1931 640.442
48.429 -49.9713 640.291
48.2421 -49.7501 640.139
48.0545 -49.5293 639.987
47.8662 -49.3091 639.835
47.6771 -49.0894 639.683
47.4873 -48.8703 639.531
47.2967 -48.6516 639.379
47.1054 -48.4336 639.227
#plane_6-cylinder_0
>points
-29.182 -87.795 676.127
-28.728 -87.8934 676.358
-28.2718 -87.9905 676.586
-27.8135 -88.0861 676.812
-27.3529 -88.1803 677.035
-26.8902 -88.2731 677.256
-26.4255 -88.3645 677.474
-25.9586 -88.4545 677.689
-25.4898 -88.543 677.902
-25.0189 -88.6301 678.112
-24.5461 -88.7158 678.32
-24.0714 -88.8 678.525
-23.5948 -88.8827 678.727
-23.1163 -88.964 678.926
-22.6361 -89.0438 679.123
-22.154 -89.1221 679.317
-21.6702 -89.199 679.509
-21.1847 -89.2744 679.697
-20.6975 -89.3482 679.883
-20.2086 -89.4206 680.066
-19.7182 -89.4915 680.247
-19.2262 -89.5609 680.424
-18.7327 -89.6287 680.599
-18.2376 -89.6951 680.771
-17.7412 -89.7599 680.94
-17.2433 -89.8232 681.106
-16.744 -89.8849 681.269
-16.2433 -89.9451 681.43
-15.7414 -90.0038 681.588
-15.2382 -90.0609 681.742
-14.7337 -90.1165 681.894
-14.228 -90.1705 682.043
-13.7212 -90.223 682.189
-13.2133 -90.2739 682.332
-12.7042 -90.3232 682.472
-12.1941 -90.371 682.609
-11.683 -90.4172 682.743
-11.171 -90.4618 682.874
-10.6579 -90.5048 683.002
-10.144 -90.5463 683.127
-9.62925 -90.5861 683.249
-9.11365 -90.6244 683.368
-8.59726 -90.6611 683.484
-8.08012 -90.6962 683.597
-7.56227 -90.7297 683.707
-7.04375 -90.7616 683.814
-6.5246 -90.7919 683.918
-6.00485 -90.8206 684.019
-5.48454 -90.8477 684.117
-4.96371 -90.8731 684.211
-4.4424 -90.897 684.303
-3.92065 -90.9193 684.391
-3.39849 -90.9399 684.476
-2.87597 -90.9589 684.559
-2.35312 -90.9763 684.638
-1.82998 -90.9921 684.714
-1.30659 -91.0063 684.786
-0.782987 -91.0189 684.856
-0.259213 -91.0298 684.923
0.264698 -91.0391 684.986
0.788706 -91.0468 685.047
1.31277 -91.0529 685.104
1.83686 -91.0573 685.158
2.36093 -91.0601 685.208
2.88493 -91.0613 685.256
3.40885 -91.0609 685.3
3.93263 -91.0589 685.342
4.45623 -91.0552 685.38
4.97962 -91.0499 685.415
5.50276 -91.043 685.447
6.02562 -91.0344 685.475
6.54815 -91.0243 685.501
7.07031 -91.0125 685.523
7.59206 -90.9991 685.542
8.11338 -90.9841 685.558
8.63421 -90.9674 685.57
9.15453 -90.9492 685.58
9.67428 -90.9293 685.586
10.1934 -90.9078 685.589
10.712 -90.8847 685.589
11.2298 -90.86 685.586
11.747 -90.8337 685.579
12.2634 -90.8057 685.57
12.779 -90.7762 685.557
13.2938 -90.7451 685.541
13.8077 -90.7123 685.521
14.3207 -90.678 685.499
14.8328 -90.6421 685.473
15.3439 -90.6046 685.444
15.854 -90.5654 685.412
16.3631 -90.5247 685.377
16.871 -90.4825 685.339
17.3779 -90.4386 685.297
17.8835 -90.3932 685.253
18.388 -90.3461 685.205
18.8913 -90.2975 685.154
19.3932 -90.2474 685.099
19.8939 -90.1957 685.042
20.3932 -90.1424 684.982
20.8911 -90.0876 684.918
21.3876 -90.0312 684.851
#plane_8-cylinder_0
>points
-28.8714 -95.1008 668.761
-28.7668 -95.1327 668.832
-28.6619 -95.1645 668.903
-28.5569 -95.1963 668.973
-28.4517 -95.2279 669.044
-28.3463 -95.2594 669.114
-28.2408 -95.2909 669.184
-28.135 -95.3223 669.254
-28.029 -95.3536 669.324
-27.9229 -95.3849 669.393
-27.8166 -95.416 669.463
-27.7101 -95.4471 669.532
-27.6034 -95.4781 669.602
-27.4965 -95.5089 669.671
-27.3895 -95.5398 669.74
-27.2822 -95.5705 669.808
-27.1748 -95.6011 669.877
-27.0672 -95.6317 669.945
-26.9594 -95.6622 670.014
-26.8515 -95.6926 670.082
-26.7433 -95.7229 670.15
-26.635 -95.7531 670.218
-26.5265 -95.7833 670.286
-26.4178 -95.8133 670.353
-26.309 -95.8433 670.421
-26.2 -95.8732 670.488
-26.0907 -95.903 670.555
-25.9814 -95.9327 670.622
-25.8718 -95.9624 670.689
-25.7621 -95.9919 670.755
-25.6521 -96.0214 670.822
-25.5421 -96.0508 670.888
-25.4318 -96.08 670.955
-25.3214 -96.1093 671.021
-25.2108 -96.1384 671.086
-25.1 -96.1674 671.152
-24.989 -96.1964 671.218
-24.8779 -96.2252 671.283
-24.7666 -96.254 671.349
-24.6552 -96.2827 671.414
-24.5435 -96.3113 671.479
-24.4317 -96.3398 671.544
-24.3198 -96.3682 671.608
-24.2077 -96.3966 671.673
-24.0954 -96.4248 671.737
-23.9829 -96.453 671.801
-23.8703 -96.4811 671.865
-23.7575 -96.5091 671.929
-23.6445 -96.537 671.993
-23.5314 -96.5648 672.056
-23.4181 -96.5925 672.12
-23.3046 -96.6201 672.183
-23.191 -96.6477 672.246
-23.0772 -96.6752 672.309
-22.9633 -96.7025 672.372
-22.8492 -96.7298 672.434
-22.7349 -96.757 672.497
-22.6205 -96.7841 672.559
-22.5059 -96.8111 672.621
-22.3912 -96.8381 672.683
-22.2763 -96.8649 672.745
-22.1612 -96.8916 672.807
-22.046 -96.9183 672.868
-21.9307 -96.9449 672.929
-21.8151 -96.9713 672.991
-21.6995 -96.9977 673.052
-21.5836 -97.024 673.112
-21.4676 -97.0502 673.173
-21.3515 -97.0763 673.233
-21.2352 -97.1024 673.294
-21.1187 -97.1283 673.354
-21.0022 -97.1541 673.414
-20.8854 -97.1799 673.474
-20.7685 -97.2056 673.533
-20.6514 -97.2311 673.593
-20.5342 -97.2566 673.652
-20.4169 -97.282 673.711
-20.2994 -97.3073 673.77
-20.1818 -97.3325 673.829
-20.064 -97.3576 673.888
-19.946 -97.3826 673.946
-19.8279 -97.4075 674.005
-19.7097 -97.4324 674.063
-19.5913 -97.4571 674.121
-19.4728 -97.4818 674.179
-19.3541 -97.5063 674.236
-19.2353 -97.5308 674.294
-19.1164 -97.5551 674.351
-18.9973 -97.5794 674.408
-18.878 -97.6036 674.465
-18.7587 -97.6277 674.522
-18.6391 -97.6517 674.579
-18.5195 -97.6756 674.635
-18.3997 -97.6994 674.691
-18.2798 -97.7231 674.747
-18.1597 -97.7467 674.803
-18.0395 -97.7703 674.859
-17.9191 -97.7937 674.915
-17.7986 -97.817 674.97
-17.678 -97.8403 675.025
#plane_9-cylinder_0
>points
-3.15408 -99.8496 680.135
-2.89387 -99.8726 680.201
-2.63342 -99.8951 680.267
-2.37274 -99.9173 680.331
-2.11181 -99.9391 680.395
-1.85066 -99.9604 680.458
-1.58928 -99.9814 680.52
-1.32769 -100.002 680.582
-1.06588 -100.022 680.642
-0.803862 -100.042 680.702
-0.541638 -100.061 680.762
-0.279217 -100.08 680.82
-0.0166016 -100.099 680.878
0.246203 -100.117 680.934
0.509192 -100.134 680.99
0.77236 -100.152 681.046
1.0357 -100.169 681.1
1.29922 -100.185 681.154
1.56289 -100.201 681.207
1.82673 -100.217 681.259
2.09072 -100.232 681.31
2.35486 -100.247 681.36
2.61914 -100.261 681.41
2.88357 -100.275 681.459
3.14813 -100.289 681.507
3.41281 -100.302 681.555
3.67762 -100.315 681.601
3.94255 -100.327 681.647
4.2076 -100.339 681.692
4.47276 -100.35 681.736
4.73802 -100.362 681.779
5.00338 -100.372 681.822
5.26883 -100.383 681.864
5.53437 -100.392 681.904
5.8 -100.402 681.945
6.0657 -100.411 681.984
6.33148 -100.42 682.022
6.59733 -100.428 682.06
6.86324 -100.436 682.097
7.12921 -100.443 682.133
7.39524 -100.45 682.169
7.66131 -100.456 682.203
7.92744 -100.463 682.237
8.19359 -100.468 682.27
8.45978 -100.474 682.302
8.726 -100.478 682.333
8.99225 -100.483 682.363
9.25851 -100.487 682.393
9.52479 -100.491 682.422
9.79108 -100.494 682.45
10.0574 -100.497 682.477
10.3237 -100.499 682.503
10.5899 -100.501 682.529
10.8562 -100.503 682.554
11.1225 -100.504 682.578
11.3887 -100.504 682.601
11.6549 -100.505 682.623
11.9211 -100.505 682.645
12.1872 -100.504 682.665
12.4533 -100.503 682.685
12.7194 -100.502 682.704
12.9853 -100.5 682.723
13.2513 -100.498 682.74
13.5172 -100.495 682.757
13.783 -100.492 682.772
14.0487 -100.489 682.787
14.3144 -100.485 682.802
14.58 -100.481 682.815
14.8455 -100.476 682.827
15.1109 -100.471 682.839
15.3762 -100.465 682.85
15.6414 -100.459 682.86
15.9065 -100.453 682.869
16.1714 -100.446 682.878
16.4363 -100.439 682.885
16.7011 -100.431 682.892
16.9657 -100.423 682.898
17.2302 -100.415 682.903
17.4945 -100.406 682.907
17.7587 -100.397 682.911
18.0228 -100.387 682.913
18.2867 -100.377 682.915
18.5504 -100.367 682.916
18.814 -100.356 682.916
19.0774 -100.344 682.916
19.3407 -100.333 682.914
19.6038 -100.32 682.912
19.8667 -100.308 682.909
20.1294 -100.295 682.905
20.3919 -100.281 682.9
20.6542 -100.268 682.895
20.9163 -100.253 682.888
21.1782 -100.239 682.881
21.4399 -100.224 682.873
21.7014 -100.208 682.864
21.9626 -100.192 682.855
22.2237 -100.176 682.844
22.4845 -100.16 682.833
22.745 -100.142 682.821
23.0053 -100.125 682.808
23.2654 -100.107 682.794
#plane_9-cylinder_0
>points
-28.0532 -136.109 748.922
-27.9299 -136.117 748.947
-27.8066 -136.125 748.973
-27.6831 -136.133 748.999
-27.5598 -136.141 749.025
-27.4365 -136.149 749.051
-27.3132 -136.157 749.077
-27.1897 -136.165 749.103
-27.0664 -136.173 749.128
-26.9431 -136.181 749.154
-26.8196 -136.189 749.18
-26.6963 -136.198 749.206
-26.573 -136.206 749.232
-26.4497 -136.214 749.258
-26.3262 -136.222 749.284
-26.2029 -136.23 749.309
-26.0796 -136.238 749.335
-25.9561 -136.246 749.361
-25.8328 -136.254 749.387
-25.7095 -136.262 749.413
-25.5862 -136.27 749.439
-25.4626 -136.278 749.465
-25.3394 -136.286 749.49
-25.2161 -136.295 749.516
-25.0925 -136.303 749.542
-24.9692 -136.311 749.568
-24.8459 -136.319 749.594
-24.7227 -136.327 749.62
-24.5991 -136.335 749.646
-24.4758 -136.343 749.671
-24.3525 -136.351 749.697
-24.2292 -136.359 749.723
-24.1057 -136.367 749.749
-23.9824 -136.375 749.775
-23.8591 -136.383 749.801
-23.7356 -136.392 749.827
-23.6123 -136.4 749.852
-23.489 -136.408 749.878
-23.3657 -136.416 749.904
-23.2422 -136.424 749.93
-23.1189 -136.432 749.956
-22.9956 -136.44 749.982
-22.8721 -136.448 750.008
-22.7488 -136.456 750.033
-22.6255 -136.464 750.059
-22.5022 -136.472 750.085
-22.3787 -136.48 750.111
-22.2554 -136.489 750.137
-22.1321 -136.497 750.163
-22.0085 -136.505 750.189
-21.8853 -136.513 750.214
-21.762 -136.521 750.24
-21.6387 -136.529 750.266
-21.5151 -136.537 750.292
-21.3918 -136.545 750.318
-21.2686 -136.553 750.344
-21.145 -136.561 750.37
-21.0217 -136.569 750.395
-20.8984 -136.577 750.421
-20.7751 -136.586 750.447
-20.6516 -136.594 750.473
-20.5283 -136.602 750.499
-20.405 -136.61 750.525
-20.2815 -136.618 750.551
-20.1582 -136.626 750.576
-20.0349 -136.634 750.602
-19.9116 -136.642 750.628
-19.7881 -136.65 750.654
-19.6648 -136.658 750.68
-19.5415 -136.666 750.706
-19.4182 -136.674 750.732
-19.2947 -136.683 750.757
-19.1714 -136.691 750.783
-19.0481 -136.699 750.809
-18.9246 -136.707 750.835
-18.8013 -136.715 750.861
-18.678 -136.723 750.887
-18.5547 -136.731 750.913
-18.4312 -136.739 750.938
-18.3079 -136.747 750.964
-18.1846 -136.755 750.99
-18.061 -136.763 751.016
-17.9377 -136.771 751.042
-17.8145 -136.78 751.068
-17.6912 -136.788 751.094
-17.5676 -136.796 751.119
-17.4443 -136.804 751.145
-17.321 -136.812 751.171
-17.1975 -136.82 751.197
-17.0742 -136.828 751.223
-16.9509 -136.836 751.249
-16.8276 -136.844 751.275
-16.7041 -136.852 751.3
-16.5808 -136.86 751.326
-16.4575 -136.868 751.352
-16.334 -136.877 751.378
-16.2107 -136.885 751.404
-16.0874 -136.893 751.43
-15.9641 -136.901 751.456
-15.8406 -136.909 751.481
#plane_9-plane_12
