60.8229 -28.1556 621.612
67.3493 -17.3154 628.094
63.8227 -15.8977 634.677
74.4941 3.67842 647.208
42.3789 -33.1778 639.834
#plane_0
62.8846 -15.6993 657.071
103.023 -5.94166 617.209
91.7665 10.4926 654.341
76.8826 -26.5653 623.798
#plane_1
66.5873 0.836349 665.122
41.3486 -18.1582 665.812
57.6619 -10.4881 666.908
82.9268 16.2954 663.473
#plane_2
102.777 -5.78046 604.813
66.5377 -37.1103 606.896
81.3932 -29.3264 608.7
63.0524 -44.2926 609.181
#plane_3
100.275 13.2682 635.037
90.863 26.7746 658.688
94.4912 22.3138 660.307
106.224 5.90134 613.195
109.052 2.80372 616.955
#plane_4
73.9801 -30.3932 653.206
80.5296 -31.5306 655.705
79.9317 -26.956 653.593
98.8015 -2.43465 648.985
103.569 -2.19521 650.361
102.094 0.794601 648.641
#plane_5
102.029 -17.2697 642.84
82.7611 -41.9941 647.458
78.4797 -42.9525 646.52
73.7069 -35.4166 641.864
115.963 4.73061 637.719
#plane_6
86.5659 -52.2384 653.385
81.5705 -52.4072 662.273
95.9744 -33.7721 658.632
101.529 -30.1779 653.728
#plane_7
-11.0957 -114.456 729.595
-28.4858 -98.4269 696.886
-42.4875 -119.936 737.506
16.2234 -97.1932 698.328
#plane_8
-34.081 -112.241 701.732
-21.8882 -111.538 701.539
3.586 -124.059 727.916
-9.78259 -134.98 748.239
#plane_9
-41.5094 -102.531 693.032
-45.6334 -107.98 710.361
-45.6223 -113.653 710.674
-49.9401 -117.892 728.073
#plane_10
25.0841 -102.822 698.739
18.5627 -114.997 727.696
18.1123 -118.836 727.667
19.6047 -114.169 722.445
21.6424 -110.521 713.338
#plane_11
1.354 -136.823 755.809
1.03705 -131.301 759.386
-52.3823 -130.981 745.938
-27.7038 -131.993 751.862
-40.3849 -131.708 748.882
-15.0269 -134.764 753.184
-14.748 -131.108 755.613
#plane_12
-20.6856 -135.163 713.484
-15.0793 -129.74 686.961
-15.4067 -115.392 688.441
-25.4281 -134.443 735.804
-23.4327 -150.54 726.448
#plane_13
-12.1079 -136.103 729.74
-6.57208 -136.533 703.647
-14.6295 -154.728 741.889
-7.77432 -126.67 709.357
#plane_14
-13.69 -149.639 706.949
-17.5415 -153.771 720.763
-8.28494 -140.452 676.619
-19.7657 -158.244 735.493
-22.706 -160.424 743.349
#plane_15
-25.9902 -109.816 606.521
-33.3668 -74.7335 583.197
-54.4653 -106.956 555.068
-48.6976 -92.4261 561.069
-46.1236 -79.0615 561.68
-46.2037 -107.948 570.053
#plane_16
-34.0207 -81.0267 563.415
-48.3424 -88.5369 540.49
-32.3802 -105.236 573.488
-45.478 -112.169 552.574
#plane_17
-35.6392 -61.1078 568.126
-53.321 -68.9932 542.618
-49.419 -68.9379 543.177
-59.6476 -72.2538 531.747
#plane_18
-39 -126.611 582.144
-33.4304 -123.219 593.205
-44.2944 -130.004 570.804
-24.2096 -120.916 598.907
#plane_19
-64.8163 -90.6829 530.352
-60.605 -76.5061 523.82
-60.8334 -116.808 536.343
-61.9727 -86.9113 527.496
-61.6372 -99.2181 531.223
-58.6194 -93.0713 527.812
#plane_20
-14.3986 -88.8217 563.923
-37.4993 -93.9968 549.058
-20.2923 -94.9908 543.762
-40.9109 -98.6015 533.659
#plane_21
-35.1054 -108.049 542.747
-14.7816 -99.975 567.792
-20.7187 -106.964 544.824
-28.5312 -104.062 555.547
-34.0753 -104.224 555.616
-31.3157 -102.269 561.957
#plane_22
16.7312 -94.1454 575.421
1.40567 -91.1718 557.927
-14.041 -104.896 542.317
-26.6737 -108.564 528.733
-33.0851 -109.842 521.735
#plane_23
30.0798 -27.9102 663.466
39.856 -38.5743 635.889
42.9934 -50.1896 616.15
#reference_0
34.3653 -36.796 666.117
44.1689 -41.3635 647.014
39.2251 -39.0635 656.762
#reference_1
45.6992 -44.9007 641.174
51.6774 -56.2234 617.16
50.312 -51.065 628.768
#reference_2
48.3715 -39.1034 648.735
103.178 11.2174 644.129
75.7701 -15.5927 647.666
#reference_3
105.311 8.32974 633.264
45.6992 -44.9007 641.174
77.5419 -18.5924 635.909
#reference_4
47.5657 -45.1908 651.429
59.3829 -63.2573 662.877
52.6903 -52.6356 656.143
#reference_5
64.4167 -71.329 654.698
51.1978 -44.7999 639.01
54.6461 -58.5345 645.373
#reference_6
102.825 10.8916 637.2
104.049 9.66688 634.822
101.309 12.2854 642.611
104.661 6.09491 633.8
#reference_7
-30.4686 -88.5517 677.533
-5.7713 -91.3176 684.952
22.9024 -91.6709 686.976
#reference_8
-32.0889 -96.4516 671.177
-18.9314 -98.6486 676.758
#reference_9
23.6655 -100.784 684.294
-3.66956 -100.393 681.433
10.1607 -100.971 683.55
#reference_10
-13.9605 -102.671 681.527
-27.0132 -136.575 747.989
#reference_11
-19.6746 -135.702 751.265
-3.13165 -104.607 687.317
#reference_12
-9.30209 -127.599 659.507
-12.3617 -106.414 673.821
#reference_13
6.4527 -130.138 663.996
-2.18109 -103.507 682.065
-0.0279846 -115.897 672.507
#reference_14
-27.6653 -136.5 746.949
-15.7582 -137.598 751.462
#reference_15
-22.6611 -60.1977 597.89
-21.7753 -108.086 613.437
-23.7134 -92.2269 605.507
#reference_16
-14.821 -59.3836 591.44
-15.8178 -77.6537 595.068
#reference_17
-14.2277 -112.157 607.797
-16.2528 -89.7154 597.629
#reference_18
-16.1675 -90.4114 598.089
-56.8227 -105.189 531.068
#reference_19
-55.5444 -113.087 533.045
-14.225 -91.8336 594.752
-16.7851 -91.2326 597.062
#reference_20
16.1068 -82.3376 583.057
-11.708 -80.2727 593.15
#reference_21
13.0441 -95.9261 586.968
-14.3154 -91.2195 596.448
-11.6879 -91.3522 595.887
#reference_22
-55.2312 -100.289 529.726
-57.7616 -111.943 532.839
#reference_23
-44.2519 -86.9672 633.932
26.6659 -26.7943 653.281
24.5603 -32.021 621.325
-42.7746 -90.6952 644.463
-16.4947 -78.5695 687.019
16.5608 -56.757 686.053
30.9777 -46.0268 671.496
30.4119 -30.7592 650.873
30.6486 -32.3787 631.943
23.1877 -35.4197 615.667
11.9581 -45.6025 601.76
-3.75415 -60.642 595.394
4.48398 -51.6789 597.678
-28.7579 -83.8017 608.362
-39.8132 -87.7051 624.799
-40.2117 -88.2183 663.095
-33.9632 -84.2743 675.293
-15.1822 -74.8287 688.939
-3.09274 -66.6775 691.442
18.0872 -49.949 683.851
28.2453 -42.3338 671.943
-20.0126 -23.7405 609.104
-55.3579 -61.7376 632.776
-28.3119 -54.0645 690.194
25.5269 -28.4739 660.864
24.8283 -28.4274 662.357
20.8351 -24.2874 664.363
20.6729 -19.2565 651.706
27.0255 -26.9267 652.32
31.3796 -31.685 637.194
24.6347 -23.5118 643.762
16.0822 -13.9227 651.869
13.6465 -11.486 654.939
15.1397 -17.0385 664.856
13.9396 -19.0067 669.937
13.6965 -21.5405 673.007
17.8656 -26.8863 672.264
-51.4742 -79.8213 655.961
-56.2075 -75.5135 647.512
-52.7115 -79.162 643.323
-54.1907 -77.4306 643.448
-58.0417 -72.7026 642.544
-59.3349 -71.447 643.96
-52.2544 -78.673 657.196
-41.9147 -91.6673 644.133
-37.7227 -93.0734 658.158
-30.2529 -72.056 605.135
-32.6368 -57.3478 603.521
-36.1571 -50.7901 604.368
-53.4494 -62.2115 619.755
-57.5032 -73.8298 645.634
18.0674 -20.2459 663.744
16.6664 -17.9996 663.104
15.591 -14.6376 658.306
13.0597 -12.7932 661.847
21.2117 -20.578 655.148
21.7641 -20.2131 647.995
22.2378 -21.5695 654.141
19.1955 -18.9046 657.833
18.9008 -17.9468 655.663
18.2358 -16.3161 651.008
17.4458 -16.3218 656.247
19.3521 -23.9018 666.678
27.5179 -28.0086 653.704
-42.0025 -70.606 682.064
-39.7884 -79.3479 675.542
-37.2347 -78.9757 677.918
-35.5193 -80.3456 677.848
-33.1195 -88.8037 671.259
-28.692 -84.6356 678.594
-45.8535 -68.7688 681.012
-10.4599 -55.1846 694.334
-11.5218 -57.7836 694.004
50.3684 -81.8044 600.93
55.9714 -95.1741 665.534
11.4814 -130.808 652.38
18.0651 -108.201 593.252
-4.04861 -122.86 607.754
36.7982 -74.1287 593.579
58.8763 -80.4675 664.339
31.5086 -109.572 679.546
6.4527 -130.138 663.996
-6.69666 -130.397 625.44
26.4895 -65.9326 682.548
-28.7061 -105.701 647.84
15.8573 -57.2044 596.992
43.1263 -50.8822 659.113
6.8053 -13.0614 655.245
0.113098 -26.2573 680.862
-35.2157 -38.0735 612.207
-15.8372 -43.3821 691.448
-3.38269 -13.4825 624.95
-47.961 -66.4309 672.429
#cylinder_0