-44.2519 -86.9672 633.932
26.6659 -26.7943 653.281
24.5603 -32.021 621.325
-42.7746 -90.6952 644.463
-16.4947 -78.5695 687.019
16.5608 -56.757 686.053
30.9777 -46.0268 671.496
30.4119 -30.7592 650.873
30.6486 -32.3787 631.943
23.1877 -35.4197 615.667
11.9581 -45.6025 601.76
-3.75415 -60.642 595.394
4.48398 -51.6789 597.678
-28.7579 -83.8017 608.362
-39.8132 -87.7051 624.799
-40.2117 -88.2183 663.095
-33.9632 -84.2743 675.293
-15.1822 -74.8287 688.939
-3.09274 -66.6775 691.442
18.0872 -49.949 683.851
28.2453 -42.3338 671.943
-20.0126 -23.7405 609.104
-55.3579 -61.7376 632.776
-28.3119 -54.0645 690.194
25.5269 -28.4739 660.864
24.8283 -28.4274 662.357
20.8351 -24.2874 664.363
20.6729 -19.2565 651.706
27.0255 -26.9267 652.32
31.3796 -31.685 637.194
24.6347 -23.5118 643.762
16.0822 -13.9227 651.869
13.6465 -11.486 654.939
15.1397 -17.0385 664.856
13.9396 -19.0067 669.937
13.6965 -21.5405 673.007
17.8656 -26.8863 672.264
-51.4742 -79.8213 655.961
-56.2075 -75.5135 647.512
-52.7115 -79.162 643.323
-54.1907 -77.4306 643.448
-58.0417 -72.7026 642.544
-59.3349 -71.447 643.96
-52.2544 -78.673 657.196
-41.9147 -91.6673 644.133
-37.7227 -93.0734 658.158
-30.2529 -72.056 605.135
-32.6368 -57.3478 603.521
-36.1571 -50.7901 604.368
-53.4494 -62.2115 619.755
-57.5032 -73.8298 645.634
18.0674 -20.2459 663.744
16.6664 -17.9996 663.104
15.591 -14.6376 658.306
13.0597 -12.7932 661.847
21.2117 -20.578 655.148
21.7641 -20.2131 647.995
22.2378 -21.5695 654.141
19.1955 -18.9046 657.833
18.9008 -17.9468 655.663
18.2358 -16.3161 651.008
17.4458 -16.3218 656.247
19.3521 -23.9018 666.678
27.5179 -28.0086 653.704
-42.0025 -70.606 682.064
-39.7884 -79.3479 675.542
-37.2347 -78.9757 677.918
-35.5193 -80.3456 677.848
-33.1195 -88.8037 671.259
-28.692 -84.6356 678.594
-45.8535 -68.7688 681.012
-10.4599 -55.1846 694.334
-11.5218 -57.7836 694.004
50.3684 -81.8044 600.93
55.9714 -95.1741 665.534
11.4814 -130.808 652.38
18.0651 -108.201 593.252
-4.04861 -122.86 607.754
36.7982 -74.1287 593.579
58.8763 -80.4675 664.339
31.5086 -109.572 679.546
6.4527 -130.138 663.996
-6.69666 -130.397 625.44
26.4895 -65.9326 682.548
-28.7061 -105.701 647.84
15.8573 -57.2044 596.992
43.1263 -50.8822 659.113
6.8053 -13.0614 655.245
0.113098 -26.2573 680.862
-35.2157 -38.0735 612.207
-15.8372 -43.3821 691.448
-3.38269 -13.4825 624.95
-47.961 -66.4309 672.429
#cylinder_0
68.1301 -33.3067 626.344
77.3222 -2.75805 655.507
96.5328 -11.4005 618.401
44.0262 -30.1085 662.632
62.9947 -42.4609 620.735
87.501 7.76326 656.306
85.0743 -13.1681 631.245
96.6495 -2.54248 630.381
#plane_0
77.2859 -55.4767 651.513
105.133 -24.0182 646.68
81.5277 -15.9097 636.017
62.7866 -51.2563 645.247
114.644 -10.3512 643.725
130.794 5.96437 642.19
85.5169 -26.4989 641.703
80.3222 -26.8329 640.237
#plane_1
84.4957 -29.6413 656.133
108.545 1.41151 650.264
117.627 6.1319 651.112
76.4077 -44.6535 660.007
88.0485 -17.2627 652.011
100.024 -7.12141 651.329
#plane_2
5.3537 -109.75 700.281
9.78928 -122.511 725.482
-7.89127 -132.99 744.379
-26.4928 -114.122 706.045
-26.559 -103.639 685.672
-34.9025 -109.726 696.787
14.897 -111.648 704.715
-9.96152 -127.473 733.38
-34.6261 -129.25 734.807
#plane_3
-8.97931 -136.36 714.985
-3.42517 -137.542 688.691
-3.12433 -118.969 687.169
-0.198853 -135.104 668.757
-15.0474 -155.99 743.878
#plane_4
-27.3304 -149.202 744.557
-20.8964 -139.885 714.444
-17.5024 -132.157 698.375
-24.4954 -153.114 731.45
-21.9797 -146.467 719.631
-24.5701 -145.628 731.778
#plane_5
-28.2384 -110.336 582.271
-41.892 -111.166 558.507
-38.7503 -75.5702 553.482
-26.1192 -73.9744 575.315
-48.8802 -88.2771 539.461
#plane_6
-6.64676 -100.319 565.788
-26.0584 -107.552 543.436
-24.0192 -100.228 568.008
-19.4753 -101.221 564.176
-23.1426 -103.752 555.984
-19.8684 -104.698 552.416
-12.3131 -101.817 561.335
-18.2363 -102.976 558.027
#plane_7
-12.4431 -89.4797 561.492
-41.433 -100.579 527.374
-14.3986 -88.8217 563.923
-28.7037 -93.621 549.331
-36.8571 -98.1611 534.933
-39.3779 -98.1843 534.877
-19.5 -94.7787 544.394
#plane_8
-10.3331 -111.223 723.326
-7.2265 -98.9368 699.771
14.709 -106.302 716.001
#plane_9
67.9591 -16.5479 628.321
64.5278 -6.3882 646.672
52.0659 -28.957 632.556
#plane_10
-42.2603 -112.741 578.383
-50.0239 -74.3878 553.362
-30.8443 -91.6845 592.504
#plane_11
-29.3071 -57.4022 579.845
-34.8486 -62.4715 564.221
-49.3074 -67.2794 548.162
#plane_12
-54.7802 -113.235 534.495
-16.4772 -91.47 595.638
-29.3341 -99.0097 572.832
-36.3946 -102.32 562.375
-45.5489 -106.856 548.092
-16.3492 -91.875 594.68
-15.4969 -91.2749 596.174
-18.9651 -93.3269 590.597
#reference_0
-56.669 -100.89 529.373
-28.1105 -86.2063 574.228
-16.3829 -79.9385 594.304
-45.0269 -94.7194 547.388
-55.2312 -100.289 529.726
-15.9066 -80.8231 594.921
-17.5879 -81.3732 590.647
#reference_1
47.4268 -45.0988 637.734
49.6049 -45.1466 634.779
51.0204 -43.2871 635.438
105.311 8.32974 633.264
97.3999 16.4623 636.882
84.4302 -12.4153 635.403
#reference_2
102.392 10.4769 644.211
101.234 12.6576 643.723
80.3632 -7.21292 645.515
44.8179 -40.4285 647.431
47.6259 -40.1818 649.003
48.3715 -39.1034 648.735
#reference_3
-14.9281 -137.065 751.36
-4.36444 -100.386 680.332
#reference_4
-24.2576 -133.962 751.456
-16.5003 -100.39 680.092
#reference_5
-31.1016 -96.2995 671.017
-35.0348 -97.977 673.877
-13.9605 -102.671 681.527
-18.9314 -98.6486 676.758
#reference_6
30.9655 -33.7061 663.785
43.6638 -41.4007 647.707
40.7573 -39.024 654.832
#reference_7
-22.3839 -58.8898 597.938
-24.9173 -83.9217 600.869
-14.2517 -109.603 607.025
-14.2277 -112.157 607.797
-23.1012 -62.584 597.848
#reference_8
-30.7059 -87.8345 675.996
-15.4298 -91.1892 683.97
22.4485 -93.6257 685.343
14.2467 -100.664 683.088
#reference_9
50.8891 -57.8204 615.898
32.2207 -35.4478 664.308
39.2807 -35.6398 640.706
50.585 -51.5284 627.764
#reference_10
-15.2646 -51.5761 598.419
-10.9748 -52.4983 597.688
-20.091 -51.0534 599.378
#reference_11