>property
>points
-44.6702 -87.33 633.565
26.8736 -26.7521 653.432
24.4473 -32.1385 621.226
-43.2008 -91.0516 644.721
-16.4111 -78.7509 686.918
16.6312 -57.0493 685.806
31.0352 -46.0222 671.447
30.3922 -30.8603 650.971
30.5757 -32.2559 631.644
23.2046 -35.6698 615.574
11.7801 -45.8773 601.89
0.481873 -58.5173 595.772
4.21985 -51.8207 597.877
-29.0268 -83.9545 607.952
-40.1583 -88.1469 624.517
-40.2201 -88.6207 663.423
-33.8148 -84.1329 675.156
-15.2057 -74.5966 688.538
-2.97995 -66.601 691.038
17.9795 -50.1502 683.823
28.236 -42.0942 671.699
-20.2578 -23.2557 609.36
-55.569 -61.4921 632.887
-28.706 -53.7861 690.195
25.6859 -28.1633 660.857
25.1222 -28.4825 662.694
21.115 -24.334 664.553
20.8743 -19.3262 651.564
27.0211 -26.6378 652.206
31.2055 -31.6472 637.202
24.632 -23.4012 643.666
16.2717 -14.0287 651.889
13.5992 -11.2952 655.023
15.4318 -16.9793 664.759
14.1266 -19.0128 669.991
13.5563 -21.7076 672.975
17.7179 -27.0786 672.393
-51.9583 -80.1461 656.248
-56.769 -75.9488 647.175
-53.2793 -79.5728 643.167
-54.7802 -77.8931 643.326
-58.5014 -73.3386 642.286
-60.0025 -71.3263 643.926
-52.6604 -79.1562 657.329
-42.3799 -91.9853 644.058
-38.0393 -93.2529 658.414
-30.6777 -72.0961 604.788
-36.6447 -62.4176 605.885
-33.0854 -48.4797 602.661
-53.824 -62.4541 619.033
-58.0392 -74.4203 645.492
18.1464 -20.1131 664.008
16.8022 -17.9476 663.251
15.6768 -14.492 658.309
12.8879 -12.9388 661.79
21.3929 -20.6086 655.085
21.681 -19.9644 647.934
22.182 -21.3692 654.546
19.1842 -18.6636 657.829
18.7615 -18.0886 655.566
18.3327 -16.327 651.193
17.7046 -16.2759 655.989
19.608 -23.6313 666.574
27.5916 -28.1548 653.745
-42.0158 -70.2649 681.973
-39.7047 -79.358 675.185
-37.1001 -78.7706 677.82
-35.4826 -79.9952 677.774
-33.0569 -88.7351 670.961
-28.506 -84.4008 678.439
-45.7996 -68.7076 680.906
-10.1714 -55.2944 694.176
-11.6133 -57.5569 693.732
46.2743 -74.2844 597.189
51.4287 -86.8555 672.852
1.98465 -128.836 660.025
21.307 -91.7987 579.921
-5.96866 -125.232 612.735
36.6696 -74.2658 593.685
57.5828 -79.2086 665.379
34.7232 -103.538 680.205
1.86081 -128.679 660.556
-7.42331 -129.954 626.214
26.4488 -65.7478 682.326
-29.2265 -105.731 647.609
15.7565 -56.9658 597.348
43.3923 -50.8427 659.491
6.79398 -13.3076 655.221
0.06604 -26.6216 680.923
-35.6319 -37.8268 612.355
-15.7546 -43.6033 691.406
-3.10352 -13.7888 624.531
-48.2408 -66.1981 672.354
#cylinder_0
>property
-0.616697 0.633323 -0.467533
>points
57.9529 -30.3675 622.965
53.5314 -10.6149 655.34
84.7293 13.3483 646.388
95.2752 4.39917 620.501
71.6855 -2.23395 642.666
65.0063 -4.30585 648.699
74.4492 -9.99799 628.56
75.2461 -17.6385 617.304
65.9838 -19.0706 627.586
59.8508 -18.4603 636.488
83.5158 2.69507 633.68
77.8345 -2.49609 634.531
#plane_0
>property
0.618247 -0.631915 0.467391
>points
72.3711 1.43079 665.808
92.1176 -4.30627 614.065
61.4327 -28.7808 621.609
43.7317 -24.8641 668.264
81.5924 -9.39258 646.607
79.8856 -16.6121 613.582
71.7126 -18.3898 647.534
81.5924 -9.39258 646.607
#plane_1
>property
-0.87163 0.154166 0.465289
>points
-30.1783 -106.339 597.851
-51.3033 -114.959 563.205
-58.0338 -71.2821 534.336
-45.1799 -76.1612 562.406
-38.8601 -81.0156 575.096
-48.1583 -116.081 569.029
-45.1389 -91.0402 566.961
#plane_10
>property
0.861099 -0.143416 -0.487792
>points
-26.2506 -60.4495 572.252
-45.8817 -70.4171 540.172
-31.1847 -108.049 595.644
-39.1791 -107.703 581.425
-45.2995 -108.23 571.636
-53.9061 -107.974 556.646
-42.3049 -77.7834 567.317
-36.7126 -65.8578 555.052
-39.0154 -93.7886 549.251
#plane_11
>property
-0.032868 0.958479 -0.283263
>points
2.28064 -85.1984 574.14
-4.79089 -81.9496 585.797
-36.4634 -94.207 547.843
-35.8175 -99.2676 530.811
-49.1188 -99.9461 529.816
-25.1721 -88.7557 565.096
-15.7228 -92.468 551.633
-19.5287 -94.3634 545.781
-19.2406 -90.1447 560.036
-18.6969 -88.3863 565.591
-32.1399 -92.9219 551.574
#plane_12
>property
0.0319252 -0.958688 0.282663
>points
-26.7527 -97.813 535.021
-39.9516 -94.9069 546.136
-18.9385 -90.1819 559.922
-29.6853 -96.6928 538.921
-21.3831 -93.7383 548.061
-30.9165 -91.8912 555.383
-35.2583 -94.3925 547.386
-29.231 -93.8995 548.484
-31.3225 -93.7456 549.327
#plane_13
>property
-0.459796 -0.265948 -0.847266
>points
-60.5646 -82.9892 524.352
-60.6261 -132.622 540.262
-64.8365 -105.372 534.648
-64.2717 -98.3008 531.936
-60.8319 -89.7404 526.879
-60.7512 -121.404 536.832
-60.4451 -90.085 526.603
-65.2508 -92.1274 529.989
-60.7512 -121.404 536.832
-64.1342 -120.111 538.821
#plane_14
>property
-0.584494 0.709513 -0.393646
>points
103.473 10.7767 640.417
104.662 9.55396 636.215
109.295 15.6178 639.051
112.809 18.6169 640.637
114.101 17.6063 637.476
110.045 17.7329 642.081
109.26 15.8839 640.362
106.826 13.3647 639.311
108.465 13.8519 637.372
111.377 15.8987 636.619
#plane_15
>property
-0.145324 0.872796 0.465948
>points
-23.6746 -138.924 753.547
-23.6581 -140.488 756.583
-27.5796 -138.784 752.298
-22.6889 -137.437 750.646
-25.3422 -142.007 758.908
-20.6416 -138.59 753.541
#plane_16
>property
-0.85989 0.148646 0.488359
>points
-58.8326 -109.881 528.5
-61.6625 -108.166 522.429
-59.1253 -104.421 526.425
-57.7602 -107.501 529.805
-60.4157 -109.875 525.788
-60.0125 -107.178 525.698
-61.1354 -108.401 524.266
#plane_17
>property
-0.637927 -0.0655893 0.767299
>points
30.2198 -31.0254 665.144
34.9921 -33.8741 667.931
33.2959 -34.0737 666.777
31.1809 -29.7921 665.411
34.025 -32.2653 667.763
31.2593 -28.7336 665.422
33.2254 -32.3937 667.099
31.7198 -32.1582 665.666
28.9912 -30.6349 663.867
30.4427 -31.5663 664.467
33.5117 -33.0775 667.729
#plane_18
>property
-0.00540007 -0.898828 0.438268
>points
65.3255 -69.3872 664.635
66.0879 -67.9337 666.867
66.5908 -68.2935 666.031
65.9726 -68.227 666.052
65.9931 -69.5902 664.407
64.6507 -70.1642 659.269
65.9931 -69.5902 664.407
65.4673 -68.849 665.147
64.2204 -68.6031 665.333
64.6165 -69.2122 664.868
65.9931 -69.5902 664.407
65.9931 -69.5902 664.407
65.9931 -69.5902 664.407
66.5908 -68.2935 666.031
65.9931 -69.5902 664.407
68.5284 -67.9727 666.515
68.5284 -67.9727 666.515
64.6507 -70.1642 659.269
64.6507 -70.1642 659.269
64.6507 -70.1642 659.269
#plane_19
>property
-0.272167 0.375978 0.885757
>points
78.6841 -31.9359 654.975
102.106 -5.0777 650.958
87.4836 -20.9498 653.057
96.9532 -27.0042 658.435
84.18 -19.2077 651.63
107.145 -14.9617 656.491
95.0724 -30.018 659.085
89.9861 -16.7107 652.039
#plane_2
>property
-0.060006 -0.655316 -0.752968
>points
45.5356 -58.3403 611.196
45.5356 -58.3403 611.196
49.1245 -49.671 609.155
47.7842 -50.4103 609.873
48.8597 -49.8282 609.303
46.5801 -51.2733 610.102
46.9892 -50.9457 610.312
45.9257 -51.7083 610.885
45.5356 -58.3403 611.196
45.0504 -57.037 611.897
45.5356 -58.3403 611.196
49.6611 -49.3734 608.871
50.4616 -48.8983 608.443
45.9257 -51.7083 610.885
49.6611 -49.3734 608.871
50.4616 -48.8983 608.443
51.6806 -48.084 608.177
44.6055 -55.9298 612.653
45.9257 -51.7083 610.885
45.9257 -51.7083 610.885
45.0504 -57.037 611.897
46.9892 -50.9457 610.312
47.7842 -50.4103 609.873
47.7842 -50.4103 609.873
45.5356 -58.3403 611.196
#plane_20
>property
-0.590591 0.289215 -0.753364
>points
-32.405 -92.1877 673.202
-34.8385 -91.1592 674.521
-37.1975 -91.8247 676.373
-33.8399 -90.1016 674.775
-34.6469 -88.9553 675.562
-35.633 -89.2627 675.988
-36.0989 -93.2767 675.237
-36.2411 -94.806 674.895
-36.3517 -96.1588 674.456
-37.9776 -91.8956 676.917
-33.1449 -91.9596 673.501
-36.508 -88.8502 677.464
-37.341 -93.9171 675.778
-33.7985 -89.1214 675.344
-35.205 -88.4968 676.656
#plane_21
>property
0.125773 -0.567988 -0.81337
>points
1.47961 -129.441 660.497
-8.41293 -133.775 659.187
-8.94882 -134.337 660.245
-8.41293 -133.775 659.187
-8.57126 -132.385 658.965
-8.41293 -133.775 659.187
-8.41293 -133.775 659.187
-8.8627 -134.092 659.901
-9.08734 -134.823 660.901
1.47961 -129.441 660.497
-8.57126 -132.385 658.965
-8.41293 -133.775 659.187
-8.55231 -131.758 658.852
-8.41293 -133.775 659.187
-8.41293 -133.775 659.187
-8.41293 -133.775 659.187
1.47961 -129.441 660.497
-9.08734 -134.823 660.901
1.47961 -129.441 660.497
1.47961 -129.441 660.497
1.47961 -129.441 660.497
-8.41293 -133.775 659.187
-8.41293 -133.775 659.187
-8.41293 -133.775 659.187
-8.41293 -133.775 659.187
-8.41293 -133.775 659.187
#plane_22
>property
0.881188 0.270103 -0.388011
>points
23.6711 -93.0342 683.719
26.219 -93.9372 682.896
25.1473 -92.6349 688.375
25.1473 -92.6349 688.375
25.2027 -92.8602 690.065
26.219 -93.9372 682.896
26.219 -93.9372 682.896
25.2027 -92.8602 690.065
25.1473 -92.6349 688.375
24.7321 -92.3765 687.573
24.7321 -92.3765 687.573
25.1473 -92.6349 688.375
28.5638 -95.5386 682.284
26.219 -93.9372 682.896
24.7321 -92.3765 687.573
28.2404 -95.1669 682.39
25.1473 -92.6349 688.375
25.1473 -92.6349 688.375
26.219 -93.9372 682.896
25.4312 -93.3538 691.082
26.219 -93.9372 682.896
28.5638 -95.5386 682.284
#plane_23
>property
0.320109 0.904932 0.280408
>points
-17.8924 -56.3322 593.512
-19.9415 -54.6401 593.258
-17.2777 -55.7495 590.459
-19.6051 -54.7031 590.816
-21.8143 -56.2393 596.061
-22.4287 -56.8082 596.816
-22.6804 -54.9168 594.89
-18.7769 -54.9036 592.811
-17.124 -56.0995 591.263
-20.8836 -55.223 592.572
-17.1735 -55.4921 592.601
-19.3606 -54.7463 593.032
-20.2316 -55.6243 594.199
-15.2567 -56.571 593.124
-16.9825 -56.624 593.147
-15.2174 -56.3257 591.764
-18.1396 -56.0103 592.779
-20.9707 -54.4203 594.029
-20.0684 -54.6052 592.138
-18.0107 -54.8911 589.784
-17.0211 -55.4633 592.155
-16.4645 -56.4386 592.085
-18.1844 -55.8991 591.985
-16.0977 -55.5962 588.398
#plane_24
>property
0.998502 0.041923 -0.0351578
>points
19.2625 -83.2303 581.277
21.307 -91.7987 579.921
18.8263 -83.4095 578.602
18.8263 -83.4095 578.602
21.307 -91.7987 579.921
19.2625 -83.2303 581.277
19.2625 -83.2303 581.277
19.2625 -83.2303 581.277
18.6406 -83.5339 577.897
18.8263 -83.4095 578.602
21.307 -91.7987 579.921
21.307 -91.7987 579.921
21.307 -91.7987 579.921
21.307 -91.7987 579.921
21.307 -91.7987 579.921
21.307 -91.7987 579.921
21.307 -91.7987 579.921
21.307 -91.7987 579.921
19.2625 -83.2303 581.277
21.307 -91.7987 579.921
21.307 -91.7987 579.921
18.5532 -83.7619 577.02
21.307 -91.7987 579.921
#plane_25
>property
0.546537 -0.596499 0.587782
>points
-20.7135 -116.959 612.616
-20.7135 -116.959 612.616
-20.7135 -116.959 612.616
-20.7135 -116.959 612.616
-20.7135 -116.959 612.616
-14.4736 -114.674 615.279
-20.7135 -116.959 612.616
-20.7135 -116.959 612.616
-20.7135 -116.959 612.616
-20.7135 -116.959 612.616
-14.4736 -114.674 615.279
-15.7413 -112.603 614.626
-20.7135 -116.959 612.616
-20.7135 -116.959 612.616
-20.7135 -116.959 612.616
-20.7135 -116.959 612.616
-20.7135 -116.959 612.616
-20.7135 -116.959 612.616
-20.7135 -116.959 612.616
-15.7413 -112.603 614.626
#plane_26
>property
0.272938 -0.377065 -0.885057
>points
96.5824 -14.9138 653.099
76.6589 -24.611 651.161
89.4369 -28.1317 656.483
89.5286 -11.3019 649.498
85.1616 -21.9929 652.699
89.5973 -22.9332 654.378
93.151 -15.9551 652.517
82.7081 -18.8248 650.593
89.3794 -22.6917 654.241
#plane_3
>property
0.795397 0.606033 -0.00822174
>points
99.8267 14.5707 640.721
108.188 3.80707 610.037
95.2063 21.4984 661.032
92.514 25.0809 658.158
106.475 6.31708 624.211
106.69 6.12915 621.741
97.5698 18.2468 648.23
95.111 21.1537 649.67
105.359 8.02881 627.288
#plane_4
>property
-0.0396302 0.88849 0.457182
>points
-3.09439 -112.891 727.953
-36.8987 -119.153 737.429
-33.3088 -94.451 688.614
3.48547 -124.584 751.249
11.0553 -101.77 706.548
#plane_5
>property
0.0337589 -0.889625 -0.455443
>points
-37.5444 -132.701 732.124
-38.7632 -103.274 684.478
7.63162 -123.763 750.055
1.02954 -111.161 723.437
3.75372 -102.938 707.992
-35.0754 -126.332 720.372
-32.5874 -106.402 710.576
-9.02707 -110.411 720.892
#plane_6
>property
-0.978145 -0.00108826 -0.207919
>points
-26.6915 -153.63 742.08
-14.9596 -112.647 686.079
-26.8174 -143.53 742.491
-20.6812 -130.432 713.421
-19.9812 -133.797 710.325
-20.6812 -132.272 713.453
-16.375 -116.953 693.171
-21.6357 -139.133 718.102
-20.8321 -131.169 714.234
-20.5463 -133.062 712.78
-22.7372 -141.36 723.072
#plane_7
>property
0.978501 0.000191874 0.206243
>points
-22.3532 -133.933 721.922
-13.6451 -138.384 683.123
-14.9839 -123.985 688.933
-26.1018 -158.423 742.097
-15.8885 -137.935 751.571
-18.5916 -126.458 704.479
-16.679 -128.593 697.364
#plane_8
>property
-0.205949 -0.520964 0.828361
>points
4.75366 -135.352 756.956
-48.6335 -132.602 745.509
-28.2011 -128.386 753.966
-8.78937 -130.457 757.594
-3.86993 -134.171 755.647
-20.0622 -131.281 753.42
-32.9903 -130.248 750.931
-36.1754 -129.779 750.381
-39.2686 -132.342 748.061
#plane_9
>property
>points
30.0798 -27.9102 663.466
39.856 -38.5743 635.889
42.9934 -50.1896 616.15
#reference_0
>property
>points
34.8757 -35.411 667.28
42.9993 -40.9409 649.211
#reference_1
>property
>points
24.8803 -103.491 689.708
-2.32236 -102.378 685.009
#reference_10
>property
>points
-13.9605 -102.671 681.527
-27.0132 -136.575 747.989
#reference_11
>property
>points
-19.6746 -135.702 751.265
-3.13165 -104.607 687.317
#reference_12
>property
>points
-9.30209 -127.599 659.507
-12.3617 -106.414 673.821
#reference_13
>property
>points
6.4527 -130.138 663.996
-2.18109 -103.507 682.065
-0.0279846 -115.897 672.507
#reference_14
>property
>points
-27.6653 -136.5 746.949
-15.7582 -137.598 751.462
#reference_15
>property
>points
-22.6611 -60.1977 597.89
-21.7753 -108.086 613.437
-23.7134 -92.2269 605.507
#reference_16
>property
>points
-14.821 -59.3836 591.44
-15.8178 -77.6537 595.068
#reference_17
>property
>points
-14.2277 -112.157 607.797
-16.2528 -89.7154 597.629
#reference_18
>property
>points
-16.1675 -90.4114 598.089
-56.8227 -105.189 531.068
#reference_19
>property
>points
50.8891 -57.8204 615.898
47.4268 -45.0988 637.734
#reference_2
>property
>points
-55.5444 -113.087 533.045
-14.225 -91.8336 594.752
-16.7851 -91.2326 597.062
#reference_20
>property
>points
16.1068 -82.3376 583.057
-11.708 -80.2727 593.15
#reference_21
>property
>points
13.0441 -95.9261 586.968
-14.3154 -91.2195 596.448
-11.6879 -91.3522 595.887
#reference_22
>property
>points
-55.2312 -100.289 529.726
-57.7616 -111.943 532.839
#reference_23
>property
>points
27.5094 -32.1435 662.47
33.264 -41.0816 663.943
32.4509 -41.2471 665.457
29.4303 -35.8337 664.08
26.253 -31.0922 663.566
#reference_24
>property
>points
52.4684 -66.5662 661.571
52.9225 -67.9221 662.165
53.8459 -68.3939 661.364
64.3379 -74.2548 653.439
64.6884 -72.4868 652.63
63.7938 -75.5988 654.427
58.7625 -70.7554 656.762
#reference_25
>property
>points
42.2289 -57.8779 608.506
49.695 -60.9974 612.502
50.0608 -60.6858 613.408
50.4001 -59.4502 615.716
42.1624 -54.8593 611.873
#reference_26
>property
>points
-32.8335 -94.0396 664.849
-35.5377 -86.3579 671.774
-34.7809 -89.5443 668.681
-31.791 -93.9067 666.4
-33.2475 -93.2034 665.538
#reference_27
>property
>points
3.12656 -133.653 654.644
-6.23099 -129.762 645.026
-4.91357 -130.894 645.567
1.797 -133.94 652.797
2.57205 -132.318 655.779
2.07666 -132.826 654.455
-5.5564 -130.165 645.799
#reference_28
>property
>points
24.3511 -100.904 684.658
25.9675 -99.3917 685.772
22.9855 -91.1547 683.872
#reference_29
>property
>points
48.3715 -39.1034 648.735
103.178 11.2174 644.129
75.7701 -15.5927 647.666
#reference_3
>property
>points
-10.5413 -55.143 597.178
-20.2014 -52.7319 599.257
#reference_30
>property
>points
17.6229 -81.6711 589.178
19.071 -93.9429 587.051
#reference_31
>property
>points
-19.4278 -108.884 615.985
-12.2669 -113.984 610.721
#reference_32
>property
>points
45.52 -45.7023 640.804
45.5347 -46.7445 639.733
#reference_33
>property
>points
1.08185 -99.5602 680.865
-3.51248 -100.555 679.187
#reference_34
>property
>points
-12.8073 -80.7854 591.058
-13.1387 -80.6543 591.852
#reference_35
>property
>points
105.311 8.32974 633.264
45.6992 -44.9007 641.174
77.5419 -18.5924 635.909
#reference_4
>property
>points
47.5657 -45.1908 651.429
59.3829 -63.2573 662.877
52.6903 -52.6356 656.143
#reference_5
>property
>points
64.4167 -71.329 654.698
51.1978 -44.7999 639.01
54.6461 -58.5345 645.373
#reference_6
>property
>points
102.825 10.8916 637.2
104.049 9.66688 634.822
101.309 12.2854 642.611
104.661 6.09491 633.8
#reference_7
>property
>points
-30.4686 -88.5517 677.533
-5.7713 -91.3176 684.952
22.9024 -91.6709 686.976
#reference_8
>property
>points
-36.2356 -100.258 678.238
-14.5127 -101.492 681.942
#reference_9
