68.1301 -33.3067 626.344
77.3222 -2.75805 655.507
96.5328 -11.4005 618.401
44.0262 -30.1085 662.632
62.9947 -42.4609 620.735
87.501 7.76326 656.306
85.0743 -13.1681 631.245
96.6495 -2.54248 630.381
#plane_0
77.2859 -55.4767 651.513
105.133 -24.0182 646.68
81.5277 -15.9097 636.017
62.7866 -51.2563 645.247
114.644 -10.3512 643.725
130.794 5.96437 642.19
85.5169 -26.4989 641.703
80.3222 -26.8329 640.237
#plane_1
84.4957 -29.6413 656.133
108.545 1.41151 650.264
117.627 6.1319 651.112
76.4077 -44.6535 660.007
88.0485 -17.2627 652.011
100.024 -7.12141 651.329
#plane_2
5.3537 -109.75 700.281
9.78928 -122.511 725.482
-7.89127 -132.99 744.379
-26.4928 -114.122 706.045
-26.559 -103.639 685.672
-34.9025 -109.726 696.787
14.897 -111.648 704.715
-9.96152 -127.473 733.38
-34.6261 -129.25 734.807
#plane_3
-8.97931 -136.36 714.985
-3.42517 -137.542 688.691
-3.12433 -118.969 687.169
-0.198853 -135.104 668.757
-15.0474 -155.99 743.878
#plane_4
-27.3304 -149.202 744.557
-20.8964 -139.885 714.444
-17.5024 -132.157 698.375
-24.4954 -153.114 731.45
-21.9797 -146.467 719.631
-24.5701 -145.628 731.778
#plane_5
-28.2384 -110.336 582.271
-41.892 -111.166 558.507
-38.7503 -75.5702 553.482
-26.1192 -73.9744 575.315
-48.8802 -88.2771 539.461
#plane_6
-6.64676 -100.319 565.788
-26.0584 -107.552 543.436
-24.0192 -100.228 568.008
-19.4753 -101.221 564.176
-23.1426 -103.752 555.984
-19.8684 -104.698 552.416
-12.3131 -101.817 561.335
-18.2363 -102.976 558.027
#plane_7
-12.4431 -89.4797 561.492
-41.433 -100.579 527.374
-14.3986 -88.8217 563.923
-28.7037 -93.621 549.331
-36.8571 -98.1611 534.933
-39.3779 -98.1843 534.877
-19.5 -94.7787 544.394
#plane_8
-54.7802 -113.235 534.495
-16.4772 -91.47 595.638
-29.3341 -99.0097 572.832
-36.3946 -102.32 562.375
-45.5489 -106.856 548.092
-16.3492 -91.875 594.68
-15.4969 -91.2749 596.174
-18.9651 -93.3269 590.597
#reference_0
-56.669 -100.89 529.373
-28.1105 -86.2063 574.228
-16.3829 -79.9385 594.304
-45.0269 -94.7194 547.388
-55.2312 -100.289 529.726
-15.9066 -80.8231 594.921
-17.5879 -81.3732 590.647
#reference_1
47.4268 -45.0988 637.734
49.6049 -45.1466 634.779
51.0204 -43.2871 635.438
105.311 8.32974 633.264
97.3999 16.4623 636.882
84.4302 -12.4153 635.403
#reference_2
102.392 10.4769 644.211
101.234 12.6576 643.723
80.3632 -7.21292 645.515
44.8179 -40.4285 647.431
47.6259 -40.1818 649.003
48.3715 -39.1034 648.735
#reference_3
-14.9281 -137.065 751.36
-4.36444 -100.386 680.332
#reference_4
-24.2576 -133.962 751.456
-16.5003 -100.39 680.092
#reference_5
