68.1298 -33.3066 626.344
77.3219 -2.75796 655.506
96.5326 -11.4005 618.4
44.0258 -30.1084 662.632
62.9944 -42.4609 620.735
87.5007 7.76336 656.305
85.074 -13.168 631.245
96.6493 -2.54242 630.381
#plane_0
77.2857 -55.4767 651.513
105.133 -24.0181 646.68
81.5275 -15.9096 636.017
62.7863 -51.2563 645.246
114.643 -10.3511 643.725
130.793 5.96442 642.19
85.5167 -26.4989 641.703
80.3219 -26.8329 640.237
#plane_1
84.4955 -29.6413 656.133
108.545 1.41158 650.264
117.627 6.13197 651.112
76.4074 -44.6535 660.006
88.0482 -17.2627 652.01
100.024 -7.12135 651.329
#plane_2
5.35339 -109.75 700.281
9.789 -122.511 725.482
-7.89157 -132.99 744.379
-26.4931 -114.122 706.045
-26.5594 -103.639 685.672
-34.9028 -109.726 696.787
14.8967 -111.648 704.715
-9.96182 -127.473 733.38
-34.6264 -129.249 734.807
#plane_3
-8.97958 -136.36 714.985
-3.42548 -137.542 688.691
-3.12463 -118.969 687.168
-0.199127 -135.104 668.756
-15.0477 -155.99 743.878
#plane_4
-27.3308 -149.202 744.557
-20.8967 -139.885 714.443
-17.5027 -132.157 698.375
-24.4957 -153.114 731.449
-21.9801 -146.467 719.631
-24.5704 -145.628 731.778
#plane_5
-28.2388 -110.336 582.271
-41.8923 -111.166 558.506
-38.7506 -75.5701 553.482
-26.1195 -73.9743 575.314
-48.8805 -88.2771 539.46
#plane_6
-6.64706 -100.319 565.788
-26.0587 -107.552 543.436
-24.0195 -100.228 568.008
-19.4756 -101.221 564.176
-23.1429 -103.752 555.983
-19.8687 -104.698 552.416
-12.3134 -101.817 561.335
-18.2366 -102.976 558.026
#plane_7
-12.4434 -89.4797 561.492
-41.4333 -100.579 527.373
-14.3989 -88.8216 563.923
-28.704 -93.621 549.33
-36.8575 -98.161 534.932
-39.3782 -98.1843 534.877
-19.5003 -94.7787 544.394
#plane_8
-54.7805 -113.235 534.495
-16.4775 -91.47 595.638
-29.3344 -99.0097 572.832
-36.3949 -102.32 562.375
-45.5492 -106.856 548.091
-16.3495 -91.875 594.679
-15.4972 -91.2748 596.174
-18.9654 -93.3268 590.597
#reference_0
-56.6693 -100.89 529.373
-28.1109 -86.2062 574.228
-16.3832 -79.9384 594.303
-45.0272 -94.7193 547.388
-55.2316 -100.289 529.726
-15.907 -80.823 594.921
-17.5882 -81.3731 590.647
#reference_1
47.4265 -45.0987 637.734
49.6046 -45.1466 634.779
51.0201 -43.2871 635.438
105.311 8.32981 633.263
97.3996 16.4623 636.882
84.4299 -12.4152 635.403
#reference_2
102.391 10.477 644.211
101.234 12.6577 643.722
80.3629 -7.21284 645.515
44.8176 -40.4284 647.43
47.6257 -40.1817 649.003
48.3712 -39.1033 648.735
#reference_3
-14.9284 -137.065 751.36
-4.36478 -100.386 680.332
#reference_4
-24.2579 -133.962 751.456
-16.5006 -100.389 680.092
#reference_5
